

int8_t image_3[1 * 1 * 28 * 28] = {
  -128, -128, -128, -128, -128, -128, -128, -128, -128, -128, -128, -128, -128, -128, -128, -128, -128, -128, -128, -128, -128, -128, -128, -128, -128, -128, -128, -128,
  -128, -128, -128, -128, -128, -128, -128,  -80,  120,  127,   30,  -40, -128, -128, -128, -128, -128, -128, -128, -128, -128, -128, -128, -128, -128, -128, -128, -128, -128,
  -128, -128, -128, -128, -128, -100,  100,  127,  127,  127,  127,  127,   80,  -60, -128, -128, -128, -128, -128, -128, -128, -128, -128, -128, -128, -128, -128, -128,
  -128, -128, -128, -128,  -80,  100,  127,  127,   50,   30,   80,  127,  127,   60,  -40, -128, -128, -128, -128, -128, -128, -128, -128, -128, -128, -128, -128, -128,
  -128, -128, -128, -60,  100,  127,  127,  -20, -128, -128,  -30,   80,  127,   80,  -10, -128, -128, -128, -128, -128, -128, -128, -128, -128, -128, -128, -128, -128,
  -128, -128,  -80,  127,  127,   60,  -80, -128, -128, -128, -128,  -40,  127,  127,   20, -128, -128, -128, -128, -128, -128, -128, -128, -128, -128, -128, -128, -128,
  -128, -128,   10,  127,  127,   30, -128, -128, -128, -128, -128, -128,   50,  127,   80,  -80, -128, -128, -128, -128, -128, -128, -128, -128, -128, -128, -128, -128,
  -128, -128,   30,  127,  127,   40, -128, -128, -128, -128, -128, -128,   70,  127,   90, -128, -128, -128, -128, -128, -128, -128, -128, -128, -128, -128, -128, -128,
  -128, -128,  -30,  127,  127,  127,   60,  -60, -128, -128, -128,  -10,  127,  127,   40, -128, -128, -128, -128, -128, -128, -128, -128, -128, -128, -128, -128, -128,
  -128, -128,  -40,  -30,   20,   90,  127,  127,  127,   90,   50,  127,  127,   70,  -60, -128, -128, -128, -128, -128, -128, -128, -128, -128, -128, -128, -128, -128,
  -128, -128, -128, -128, -128,  -40,   60,  127,  127,  127,  127,  127,   40,  -80, -128, -128, -128, -128, -128, -128, -128, -128, -128, -128, -128, -128, -128, -128,
  -128, -128, -128, -128, -128, -128,  -80,  -20,   50,   90,   60,  -20, -128, -128, -128, -128, -128, -128, -128, -128, -128, -128, -128, -128, -128, -128, -128, -128,
  -128, -128, -128, -128, -128, -128, -128, -128, -128, -128, -128, -128, -128, -128, -128, -128, -128, -128, -128, -128, -128, -128, -128, -128, -128, -128, -128, -128
};

 for(int i = 0; i < 10; i++){
    printf("%d  %d       ", Plus214_Output_0[i], i);
  }

  float Input3[784] = {
    // Row 0
    0,0,0,0,0,0,0,0,0,0,0,0,0,0,0,0,0,0,0,0,0,0,0,0,0,0,0,0,
    // Row 1
    0,0,0,0,0,0,0,1,1,1,1,1,1,1,0,0,0,0,0,0,0,0,0,0,0,0,0,0,
    // Row 2
    0,0,0,0,0,0,1,1,0,0,0,0,0,0,0,0,0,0,0,0,0,0,0,0,0,0,0,0,
    // Row 3
    0,0,0,0,0,0,0,0,0,0,1,1,1,1,1,1,0,0,0,0,0,0,0,0,0,0,0,0,
    // Row 4
    0,0,0,0,0,0,0,0,0,0,0,0,0,0,1,1,0,0,0,0,0,0,0,0,0,0,0,0,
    // Row 5
    0,0,0,0,0,0,0,0,0,0,0,0,0,0,0,1,1,0,0,0,0,0,0,0,0,0,0,0,
    // Row 6
    0,0,0,0,0,0,0,0,0,0,0,0,0,0,0,0,1,1,0,0,0,0,0,0,0,0,0,0,
    // Row 7
    0,0,0,0,0,0,0,0,0,0,0,0,0,0,1,1,0,0,0,0,0,0,0,0,0,0,0,0,
    // Row 8
    0,0,0,0,0,0,0,0,0,0,0,1,1,1,1,0,0,0,0,0,0,0,0,0,0,0,0,0,
    // Row 9
    0,0,0,0,0,0,0,0,0,0,1,1,1,1,0,0,0,0,0,0,0,0,0,0,0,0,0,0,
    // Row 10
    0,0,0,0,0,0,0,0,1,1,1,1,1,0,0,0,0,0,0,0,0,0,0,0,0,0,0,0,
    // Rows 11-27 (mostly zeros to simplify)
    0,0,0,0,0,0,0,0,0,0,0,0,0,0,0,0,0,0,0,0,0,0,0,0,0,0,0,0,
    0,0,0,0,0,0,0,0,0,0,0,0,1,0,0,0,0,0,0,0,0,0,0,0,0,0,0,0,
    0,0,0,0,0,0,0,0,0,0,0,0,0,0,0,0,0,0,0,0,0,0,0,0,0,1,0,0,
    0,0,0,0,0,0,0,0,0,0,0,0,0,0,0,0,0,0,0,0,0,0,0,0,0,0,0,0,
    0,0,0,0,0,0,0,0,0,0,0,0,0,0,0,0,0,0,0,0,0,0,0,0,0,0,0,0,
    0,0,0,0,0,0,0,0,0,0,0,0,0,0,0,0,0,0,0,0,0,0,0,0,0,0,0,0,
    0,0,0,0,0,0,0,0,0,0,0,1,0,0,0,0,0,0,0,0,0,0,0,0,0,0,0,0
};