7 7 390
2 2 371
1 1 369
0 0 368
4 4 368
1 1 368
4 4 368
9 9 368
5 5 369
9 9 368
0 0 370
6 6 368
9 9 371
0 0 368
1 1 378
5 5 376
9 9 372
7 7 371
3 3 370
4 4 375
9 9 368
6 6 368
6 6 368
5 5 368
4 4 379
0 0 373
7 7 381
4 4 377
0 0 420
1 1 378
3 3 372
1 1 382
3 3 374
4 4 371
7 7 379
2 2 376
7 7 370
1 1 371
2 2 370
1 1 371
1 1 371
7 7 373
4 4 371
2 2 370
3 3 372
5 5 368
1 1 368
2 2 371
4 4 371
4 4 371
6 6 371
3 3 377
5 5 377
5 5 378
6 6 377
0 0 379
4 4 373
1 1 376
9 9 376
5 5 373
7 7 377
8 8 372
9 5 370
3 3 371
7 7 371
4 4 370
6 6 376
4 4 371
3 3 384
0 0 376
7 7 394
0 0 375
2 2 373
9 9 371
1 1 381
7 7 377
3 3 370
2 2 371
9 9 371
7 7 371
7 7 371
6 6 373
2 2 373
7 7 374
8 8 371
4 4 371
7 7 371
3 3 379
6 6 382
1 1 372
3 3 371
6 6 371
9 4 370
3 3 371
1 1 371
4 4 376
1 1 378
7 7 377
6 6 371
9 9 371
6 6 373
0 0 374
5 5 370
4 4 371
9 9 371
9 9 374
2 2 374
1 1 370
9 9 393
4 4 382
8 8 378
7 7 377
3 3 386
9 9 377
7 7 381
4 4 377
4 4 374
4 4 370
9 9 370
2 2 373
5 5 370
4 4 371
7 7 370
6 6 371
7 7 371
9 9 373
0 0 381
5 5 379
8 8 371
5 5 373
6 6 368
6 6 371
5 5 370
7 7 370
8 8 370
1 1 371
0 0 370
1 1 373
6 6 368
4 4 373
6 6 377
7 7 371
3 3 373
1 1 374
7 7 371
1 1 371
8 8 370
2 2 370
0 0 370
2 2 375
9 9 376
9 9 370
5 5 368
5 5 379
1 1 377
5 5 401
6 6 376
0 0 376
3 3 373
4 4 377
4 4 375
6 6 382
5 5 382
4 4 374
6 6 370
5 5 373
4 4 371
5 5 371
1 1 373
4 4 376
4 4 376
7 7 371
2 2 383
3 3 371
2 2 371
7 7 371
1 1 371
8 8 371
1 1 371
8 8 375
1 1 373
8 8 371
5 5 377
0 0 374
8 8 374
9 9 371
2 2 377
5 5 371
0 0 374
1 1 371
1 1 371
1 1 371
0 0 371
9 9 371
0 0 371
3 3 381
1 1 377
6 6 441
4 4 377
2 2 380
3 3 368
6 6 371
1 1 371
1 1 377
1 1 373
3 3 371
9 9 376
5 5 371
2 2 374
9 9 373
4 4 370
5 5 374
9 9 370
3 3 371
9 9 372
0 0 368
3 3 371
6 6 371
5 5 371
5 5 371
7 7 370
2 2 380
2 2 376
7 7 377
1 1 377
2 2 369
8 8 373
4 4 373
1 1 373
7 7 378
3 3 374
3 3 370
8 8 376
8 8 374
7 7 372
9 9 386
2 2 407
2 2 397
4 4 378
1 1 378
5 5 376
9 9 376
8 8 378
7 7 378
2 2 376
3 3 383
0 0 377
4 2 439
4 4 385
2 2 376
4 4 378
1 1 379
9 9 435
5 5 473
7 7 378
7 7 376
2 2 377
8 8 377
2 2 369
6 6 371
8 8 371
5 5 372
7 7 371
7 7 371
9 9 376
1 1 375
8 0 371
1 1 370
8 8 376
0 0 371
3 3 374
0 0 370
1 1 373
9 9 370
9 9 371
4 4 371
1 1 376
8 8 377
2 2 377
1 1 380
2 2 376
9 9 379
7 7 379
5 5 412
9 9 376
2 2 378
6 6 380
4 4 379
1 1 378
5 5 371
8 8 373
2 2 372
9 9 373
2 2 370
0 0 371
4 4 368
0 0 371
0 0 378
2 2 377
8 8 372
4 4 370
7 7 371
1 1 370
2 2 375
4 4 374
0 0 372
2 2 370
7 7 371
4 4 374
3 3 369
3 3 368
0 0 368
0 0 371
3 3 371
1 1 374
9 9 371
6 6 368
5 5 370
2 2 381
5 5 377
9 9 369
2 2 383
9 9 376
3 3 370
0 0 370
4 4 370
2 2 368
0 0 374
7 7 378
1 1 376
1 1 377
2 2 378
1 1 369
5 5 371
3 3 370
3 3 370
9 9 370
7 7 370
8 8 378
6 6 376
5 5 376
6 6 378
1 1 370
3 3 373
8 8 371
1 1 370
0 0 370
5 5 372
1 1 376
3 3 371
1 1 374
5 5 370
5 5 373
6 6 370
1 1 372
8 8 371
5 5 370
1 1 368
7 7 377
9 9 378
4 4 374
6 6 368
2 2 368
2 2 376
5 5 377
0 0 376
6 6 370
5 5 371
6 6 370
3 3 370
7 7 379
2 2 372
0 0 371
8 8 369
8 8 368
5 5 374
4 4 370
1 1 368
1 1 371
4 4 378
0 0 376
3 3 370
3 3 373
7 7 368
6 6 370
1 1 370
6 6 370
2 2 375
1 1 373
9 9 370
2 2 371
8 8 371
6 6 370
1 1 370
9 9 370
5 5 371
2 2 371
5 5 371
4 4 371
4 4 380
2 2 376
8 8 370
3 3 370
8 8 370
2 2 371
4 4 371
5 5 379
0 0 376
3 3 370
1 1 370
7 7 370
7 7 370
5 5 370
7 7 370
9 9 370
7 7 371
1 1 372
9 9 376
2 2 373
1 1 383
4 4 374
2 2 371
9 9 370
2 2 370
0 0 371
4 4 371
9 9 371
1 1 371
4 4 371
8 8 371
1 1 370
8 8 371
4 4 372
5 5 370
9 9 371
8 8 371
8 8 376
3 3 368
7 7 373
6 6 368
0 0 377
0 0 379
3 3 375
0 0 371
2 2 376
6 0 373
6 6 371
4 4 371
9 9 371
3 5 390
3 3 374
3 3 370
2 2 378
3 3 374
9 9 370
1 1 370
2 2 371
6 6 370
8 8 379
0 0 359
5 5 367
6 6 377
6 6 387
6 6 376
3 3 376
8 8 380
8 8 376
2 2 376
7 7 376
5 5 376
8 8 376
9 9 377
6 6 376
1 1 376
8 8 380
4 4 380
1 1 380
2 2 380
5 5 380
9 9 376
1 1 380
9 9 380
7 7 380
5 5 380
4 4 376
0 0 378
8 8 378
9 9 378
9 9 378
1 1 379
0 0 378
5 5 409
2 2 400
3 3 377
7 7 380
8 0 381
9 9 378
4 4 378
0 0 379
6 6 379
3 3 376
9 9 380
5 5 377
2 2 376
1 1 386
3 3 379
1 1 379
3 3 379
6 6 378
5 5 378
7 7 377
4 4 379
2 2 377
2 2 371
6 6 373
3 3 370
2 2 373
6 6 371
5 5 370
4 4 374
8 8 371
9 9 378
7 7 379
1 1 377
3 3 370
0 0 370
3 3 376
8 8 370
3 3 381
1 1 370
9 9 370
3 3 386
4 4 374
4 4 385
6 6 377
4 4 370
2 2 372
1 1 372
8 8 369
2 2 371
5 5 372
4 4 376
8 8 378
8 8 376
4 4 373
0 0 374
0 0 372
2 2 372
3 3 372
2 2 372
7 7 371
7 7 371
0 0 379
8 8 372
7 7 372
4 4 379
4 4 379
7 7 372
9 9 373
6 6 372
9 9 372
0 0 372
9 9 381
8 8 378
0 0 373
4 4 372
6 6 372
0 0 371
6 6 374
3 3 372
5 5 371
4 4 374
8 8 372
3 3 386
3 3 375
9 9 382
3 3 377
3 3 368
3 3 370
7 7 370
8 8 368
0 0 371
8 8 374
2 2 376
1 1 377
7 7 378
0 0 369
6 6 370
5 5 370
4 4 372
3 3 370
8 8 373
0 0 370
9 9 370
6 6 370
3 3 368
8 8 371
0 0 371
9 9 370
9 9 370
6 6 373
8 8 369
6 6 375
8 8 379
5 5 373
7 7 370
8 8 370
6 6 373
0 0 369
2 2 370
4 4 377
0 0 379
2 2 370
2 2 373
3 3 370
1 1 370
9 9 371
7 7 368
5 5 385
1 8 371
0 0 376
8 8 375
4 4 372
6 6 380
2 2 376
6 6 379
7 7 379
9 9 376
3 3 370
2 2 370
9 9 368
8 8 373
2 2 370
2 2 370
9 9 368
2 2 371
7 7 370
3 3 371
5 5 370
9 9 375
1 1 376
8 8 376
0 0 370
2 2 372
0 0 376
5 5 372
2 2 367
1 1 370
3 3 370
7 7 371
6 6 370
7 7 373
1 1 370
2 2 370
5 5 370
8 8 372
0 0 375
3 3 370
7 7 370
2 1 371
4 4 374
0 0 376
9 9 370
1 1 370
8 8 381
6 6 376
7 7 373
7 7 370
4 4 373
3 3 379
4 4 371
9 9 370
1 1 371
9 9 371
5 5 374
1 1 371
7 7 373
3 3 370
9 9 370
7 7 382
6 6 371
9 9 373
1 1 370
3 3 371
7 2 380
8 8 379
3 3 370
3 3 370
6 6 370
7 7 373
2 2 370
8 8 371
5 5 370
8 8 371
5 5 371
1 1 371
1 1 371
4 4 374
4 4 374
3 3 368
1 1 370
0 0 371
7 7 373
7 7 389
0 0 371
7 7 373
9 9 376
4 4 378
4 4 377
8 8 371
5 5 370
5 5 378
4 4 377
0 0 376
8 8 370
2 2 371
1 1 371
0 0 374
8 8 370
4 4 373
5 5 371
0 0 373
4 4 377
0 0 371
6 6 370
1 1 379
7 5 377
3 3 373
2 2 375
6 6 370
7 7 370
2 2 370
6 6 373
9 9 373
3 3 370
1 1 371
4 4 371
6 6 370
2 2 371
5 5 373
4 9 371
2 2 371
0 0 370
6 6 379
2 2 368
1 1 388
7 7 376
3 3 370
4 4 375
1 1 369
0 0 367
5 5 371
4 4 407
3 3 376
1 1 379
1 1 366
7 7 346
4 4 346
9 9 346
9 9 349
4 4 346
8 8 352
4 4 371
0 0 377
2 2 370
4 4 371
5 5 370
1 1 371
1 1 374
6 6 376
4 4 372
7 7 374
1 1 376
9 9 370
4 4 372
2 2 376
4 4 370
1 1 376
5 5 370
5 5 370
3 3 370
8 8 376
3 3 377
1 1 370
4 4 377
5 5 370
6 6 376
8 8 379
9 9 403
4 4 372
1 1 376
5 5 375
3 3 374
8 8 370
0 0 370
3 3 373
2 2 370
5 5 382
1 1 373
2 2 370
8 8 373
3 3 375
4 4 377
4 4 370
0 0 371
8 8 372
8 8 370
3 3 379
3 3 375
1 1 371
7 7 370
3 3 383
5 5 372
9 9 378
6 6 371
3 3 371
2 2 371
6 6 371
1 1 369
3 3 370
6 6 371
0 0 371
7 7 368
2 2 368
1 1 368
7 7 371
1 1 371
4 4 370
2 2 376
4 4 375
2 2 385
1 1 376
7 7 372
9 9 370
6 6 370
1 1 370
1 1 374
2 2 376
4 4 372
8 8 370
1 1 370
7 7 370
7 7 370
4 4 370
8 7 373
0 0 377
7 7 370
3 3 370
1 1 374
3 3 384
1 1 371
0 0 370
7 7 376
7 7 376
0 0 373
3 3 372
5 5 370
5 5 370
2 2 370
7 7 374
6 6 372
6 6 370
9 9 370
2 2 370
8 8 370
3 3 375
5 5 374
2 2 374
2 2 375
5 5 377
6 6 383
0 0 373
8 8 371
2 2 376
9 9 371
2 2 370
8 8 368
8 8 368
8 8 370
8 8 384
7 7 379
4 4 372
9 7 378
3 3 376
0 0 369
6 6 370
6 6 367
3 3 370
2 2 377
1 1 378
3 3 371
2 2 370
2 2 367
9 9 346
3 3 367
0 0 363
0 0 346
5 5 346
7 7 359
8 8 349
1 1 351
4 4 346
4 4 349
6 6 346
0 0 349
2 2 363
9 9 376
1 1 370
4 4 371
7 7 372
4 4 377
7 7 376
3 3 370
9 9 372
8 8 368
8 8 373
4 4 378
7 7 372
1 1 370
2 2 368
1 1 381
2 2 378
2 2 370
3 3 379
2 2 377
3 3 370
2 2 370
3 3 373
9 9 369
1 1 376
7 7 378
4 4 376
0 0 369
3 3 370
5 5 375
5 5 370
8 8 371
6 6 370
3 3 370
2 2 374
6 6 370
7 7 376
6 6 370
6 6 370
3 3 373
2 2 370
7 7 373
8 9 370
1 1 368
1 1 372
7 7 377
5 5 376
6 6 376
4 4 373
9 9 373
5 5 370
1 1 370
3 3 370
3 3 378
4 4 375
7 7 370
8 8 378
9 9 371
1 1 370
1 1 370
6 0 370
9 9 371
1 1 370
4 4 370
4 4 370
5 5 375
4 4 378
0 0 374
6 6 370
2 2 370
2 2 371
3 3 370
1 1 370
5 5 373
1 1 370
2 2 375
0 0 374
3 3 370
8 8 374
1 1 376
2 2 370
6 6 370
7 7 370
1 1 371
6 6 373
2 2 371
3 3 378
9 9 376
0 0 370
1 1 370
2 2 371
2 2 370
0 0 370
8 8 370
9 9 370
9 9 370
0 0 389
2 2 372
5 5 370
1 1 370
9 9 370
7 7 370
8 8 370
1 1 368
0 0 375
4 4 377
1 1 371
7 7 379
9 9 376
6 6 373
4 4 370
2 2 370
6 6 368
8 8 370
1 1 374
3 3 368
7 7 368
5 5 371
4 4 370
4 4 373
1 1 370
8 8 375
1 1 373
3 3 370
8 8 373
1 1 367
2 2 371
5 5 380
8 1 377
0 0 370
6 6 370
2 2 370
1 1 370
1 1 378
7 1 375
1 1 371
5 5 371
3 3 371
4 4 387
6 6 374
9 9 369
5 5 375
0 0 376
9 9 374
2 2 374
2 2 363
4 4 346
8 8 345
2 2 370
1 1 382
7 7 350
2 2 350
4 4 346
9 9 347
4 4 350
4 4 349
0 0 346
3 3 346
9 9 354
2 2 372
2 2 371
3 3 371
3 3 373
8 8 377
3 3 376
5 5 373
7 7 374
3 3 370
5 5 370
8 8 378
1 1 373
2 2 370
4 4 370
4 4 370
6 6 371
4 4 370
9 9 370
5 5 374
1 1 370
0 0 383
6 6 373
9 9 380
5 5 407
9 9 377
5 5 373
9 9 373
7 7 376
3 3 370
8 8 372
0 0 379
3 3 381
7 7 370
1 1 373
3 3 370
6 6 370
7 7 373
8 8 370
5 5 373
9 9 370
7 7 370
9 9 383
6 6 369
9 9 370
6 6 370
3 3 373
7 7 372
4 4 377
4 6 371
5 5 377
3 3 376
5 5 375
4 4 370
7 7 370
8 8 370
7 7 370
8 8 373
0 0 369
7 7 370
6 6 377
8 8 371
8 8 370
7 7 368
3 3 368
3 3 368
1 1 385
9 9 369
5 5 368
2 2 368
7 7 368
3 3 368
5 5 367
1 1 368
1 1 371
2 2 377
1 1 369
4 4 371
7 7 368
4 4 375
7 7 371
5 5 371
4 4 371
5 5 368
4 4 368
0 0 368
8 8 370
3 3 370
6 6 370
9 9 375
6 6 375
0 0 372
2 2 373
7 7 370
4 4 370
4 4 373
4 4 370
4 4 373
6 6 370
6 6 373
4 4 373
7 7 370
9 9 371
3 3 378
4 4 373
5 5 371
5 5 370
8 8 370
7 7 376
3 3 374
7 7 370
2 2 370
7 7 373
0 0 371
2 2 370
4 4 375
1 1 370
1 1 377
6 6 377
6 5 373
9 9 370
2 2 373
8 8 373
7 7 370
2 2 370
0 0 373
1 1 369
5 5 377
0 0 375
9 9 370
1 1 371
7 7 370
0 0 373
6 6 370
0 0 370
8 8 370
6 6 370
8 8 373
1 1 370
8 8 370
0 0 373
3 3 370
3 3 374
7 7 375
2 2 372
3 3 373
6 6 370
2 2 376
1 1 386
6 6 371
1 1 370
1 1 380
3 3 368
7 7 371
9 9 380
0 0 375
8 8 370
0 0 373
5 5 370
4 4 370
0 0 373
2 2 375
8 8 371
7 2 371
2 2 370
9 9 370
8 8 371
4 4 371
0 0 371
9 4 374
5 5 377
8 8 376
5 5 371
1 1 370
2 2 375
1 1 374
3 3 371
1 1 375
7 7 370
4 9 376
5 5 369
7 7 370
2 2 376
0 0 370
9 5 370
8 8 376
8 8 370
6 6 370
2 2 370
5 5 371
4 4 370
1 1 373
9 9 370
2 2 377
1 1 374
5 5 371
8 8 370
7 1 371
0 0 370
2 2 373
4 4 375
4 4 370
3 3 375
6 6 383
8 8 376
8 8 370
2 2 373
4 4 370
0 0 379
5 5 370
0 0 373
4 4 370
4 4 370
7 7 375
9 9 370
3 3 371
4 4 370
1 1 370
5 5 376
9 9 371
7 7 370
3 3 376
5 5 370
8 8 374
8 8 370
0 0 376
5 5 370
3 3 370
3 3 374
6 6 371
6 6 368
0 0 370
1 1 377
6 6 376
0 0 370
3 3 373
5 7 380
4 4 369
4 4 381
1 1 374
2 2 374
9 9 373
1 1 370
4 4 370
6 6 372
9 9 374
9 9 375
3 3 370
9 9 370
8 8 376
4 4 370
4 4 370
3 3 371
1 1 370
3 3 370
1 1 370
8 0 373
8 8 371
7 7 370
9 9 375
4 4 376
8 8 371
8 8 371
7 2 370
9 9 370
7 7 370
1 1 371
4 4 370
5 5 373
6 6 371
0 0 371
5 5 373
2 2 370
2 2 372
2 2 376
1 1 375
5 5 370
5 5 370
2 2 375
4 4 375
9 9 371
6 6 371
2 2 371
7 7 370
7 7 377
2 2 377
2 2 370
1 1 370
1 1 374
2 2 377
8 8 371
3 3 368
7 7 368
2 2 368
4 4 368
1 1 369
7 7 368
1 1 368
7 7 372
6 6 368
7 7 368
8 2 368
2 2 367
7 7 368
3 3 368
1 1 370
7 7 373
5 5 371
8 8 371
2 2 368
6 6 368
2 2 368
2 2 371
5 5 370
6 6 372
5 5 370
0 0 370
9 9 377
2 2 374
4 4 370
3 3 370
3 3 379
9 9 371
7 7 371
6 6 371
6 6 370
8 8 370
0 0 370
4 4 372
1 1 381
5 5 370
8 8 378
2 2 373
9 9 373
1 1 374
8 8 370
0 0 372
6 6 370
7 7 370
2 2 374
1 1 370
0 0 372
5 5 370
5 5 370
2 2 370
0 0 376
2 2 373
2 2 373
0 0 370
2 2 373
4 4 370
9 9 373
8 8 369
0 0 373
9 9 373
9 9 370
4 4 372
6 6 376
5 5 370
4 4 373
9 9 370
1 1 372
8 8 370
3 3 375
4 4 379
9 9 371
9 9 371
1 1 373
2 2 370
2 2 373
8 8 375
1 1 369
9 9 378
6 6 375
4 4 377
0 0 370
9 9 370
4 4 373
8 8 370
3 3 371
8 8 370
6 6 370
0 0 373
2 2 373
5 5 370
1 1 371
9 9 373
6 6 370
2 2 370
9 9 374
4 4 370
0 0 370
9 9 373
6 6 370
0 0 374
6 6 370
2 2 372
5 5 375
4 4 371
2 2 371
3 3 373
8 8 379
4 4 371
5 5 373
5 5 370
0 0 373
3 3 377
8 8 372
5 5 370
3 3 371
5 5 371
8 8 373
6 6 370
5 5 373
7 7 373
6 6 381
3 3 379
3 3 373
9 9 372
6 6 373
1 1 370
1 1 370
2 2 375
9 9 374
0 0 373
4 4 371
3 3 374
3 3 371
6 6 371
9 9 376
5 5 376
7 7 370
3 3 370
7 7 370
7 7 371
7 7 370
8 8 370
7 7 370
9 9 371
8 8 374
3 3 371
0 0 370
7 7 373
2 2 372
7 7 370
9 9 381
4 4 371
5 5 371
4 4 370
9 9 381
3 3 374
2 2 379
1 1 373
4 4 374
0 0 378
2 2 378
3 3 378
7 7 390
5 5 376
7 9 379
8 8 380
8 8 412
5 5 377
0 0 377
1 5 379
1 1 378
4 4 377
8 8 380
3 3 373
9 9 375
0 0 372
0 0 371
0 0 371
6 6 371
6 6 371
2 2 370
3 3 368
7 7 371
8 8 372
4 4 373
7 7 371
7 7 371
9 9 372
2 2 370
4 4 371
1 1 371
4 4 369
5 5 380
2 2 370
4 4 371
9 9 372
9 9 377
1 1 377
8 8 376
4 4 377
0 0 379
9 9 379
8 8 381
4 4 381
8 8 379
7 7 378
7 7 938
0 0 390
7 7 380
8 8 371
8 8 370
6 6 369
0 0 370
4 4 384
8 8 377
8 8 370
2 2 371
4 4 374
7 7 376
6 6 370
6 6 371
6 6 370
4 4 370
7 7 370
1 1 370
8 8 370
8 8 370
2 2 370
3 3 371
6 6 370
3 3 372
0 0 370
0 0 371
3 3 388
7 7 374
6 6 370
9 9 380
7 7 376
9 9 371
9 9 370
5 5 371
4 4 373
3 3 370
3 3 370
6 6 358
1 1 346
2 2 360
3 3 372
7 7 358
3 3 350
3 3 346
2 2 349
0 0 346
3 3 346
3 3 347
8 8 346
4 4 352
3 3 368
6 6 371
3 3 371
5 5 373
0 0 370
2 2 371
0 0 370
9 9 373
0 0 370
7 7 373
4 4 370
6 6 370
9 9 370
3 3 370
5 5 376
1 1 369
9 9 370
6 6 373
1 1 373
4 4 379
5 5 379
4 4 370
5 5 382
0 0 376
5 5 370
9 9 370
5 5 370
2 2 374
1 1 346
2 2 350
9 9 346
1 1 349
9 9 349
9 9 349
4 4 346
0 0 346
8 8 349
4 4 346
5 5 346
2 2 353
9 9 375
2 2 370
1 1 370
2 2 373
1 1 374
7 7 379
3 3 379
6 6 380
8 8 370
8 8 370
4 4 373
9 9 370
1 1 371
9 9 370
8 8 374
5 5 370
7 7 370
5 5 371
1 1 375
1 1 370
8 8 371
6 6 370
5 5 371
2 2 371
4 4 370
4 4 373
3 7 381
2 2 372
3 3 370
5 5 370
6 6 380
8 8 376
8 8 346
6 6 381
2 2 349
3 3 346
1 1 346
0 0 346
5 5 345
8 8 353
9 9 346
2 2 345
9 9 352
6 6 346
7 7 368
0 0 373
4 4 370
8 8 371
7 7 370
1 1 375
7 7 370
4 4 370
1 1 377
0 0 370
9 5 374
7 7 370
2 2 370
0 0 372
0 0 370
9 9 370
1 1 375
7 7 378
8 8 383
7 7 368
8 8 373
4 4 370
7 7 368
2 2 371
0 0 371
4 4 385
6 6 369
0 0 370
3 3 371
1 1 373
1 1 373
3 3 370
3 3 349
9 9 347
6 6 346
7 7 359
4 4 346
1 1 346
5 5 347
3 3 351
0 0 346
8 8 349
7 7 347
3 3 349
9 9 372
6 6 371
9 9 381
3 3 386
5 5 375
0 0 376
2 2 373
7 7 372
4 4 370
5 5 373
1 1 370
7 7 370
5 5 373
8 8 370
0 0 373
8 8 370
8 8 376
1 1 380
5 5 370
0 0 373
3 3 370
0 0 372
3 3 379
1 1 371
4 4 377
0 0 371
3 3 374
7 7 372
2 2 373
7 7 370
1 1 374
8 8 375
0 0 378
7 7 370
0 0 370
4 4 377
3 3 370
1 1 376
9 9 373
8 8 370
7 7 373
7 7 370
1 1 373
4 4 370
9 9 380
9 9 371
3 3 374
2 2 373
1 1 370
7 7 370
9 9 373
0 0 370
2 2 376
0 0 370
3 3 372
3 3 373
7 7 374
6 6 373
9 9 371
2 2 377
3 3 372
3 3 373
7 7 376
7 7 370
0 0 370
0 0 373
7 7 377
5 5 374
2 2 370
9 9 370
8 8 370
7 7 369
4 4 362
4 4 351
2 2 378
6 6 380
6 6 383
1 1 349
9 9 346
6 6 348
8 8 350
2 2 346
9 9 346
0 0 349
8 8 346
3 3 346
1 1 349
1 1 361
6 6 370
3 3 379
5 5 369
1 1 373
1 1 370
1 1 374
3 3 370
1 1 373
2 2 369
3 3 373
0 0 373
2 2 370
0 0 376
1 1 370
3 3 370
5 5 370
5 5 369
7 7 375
4 4 370
8 8 370
9 9 370
6 6 373
9 9 376
6 6 372
8 8 370
3 3 369
6 6 368
6 6 370
8 8 379
5 5 372
1 1 373
4 4 370
2 2 370
4 4 370
4 4 371
5 5 368
1 1 369
1 1 370
9 9 368
0 0 370
2 2 370
4 4 370
9 9 370
5 5 370
7 7 370
1 1 370
8 8 370
8 8 370
5 5 371
6 6 370
9 9 370
8 8 370
7 7 372
1 1 370
1 1 373
6 6 373
7 7 375
6 6 376
3 3 372
2 2 376
2 2 376
0 0 370
8 8 373
9 9 375
2 2 378
5 5 373
1 1 370
0 0 370
8 8 371
1 1 374
9 4 373
5 5 369
7 7 370
9 9 371
6 6 368
9 9 370
0 0 367
6 6 370
1 1 370
5 5 370
5 5 371
8 8 371
3 3 370
8 8 369
2 2 380
6 6 372
5 5 371
0 0 370
7 7 370
4 4 371
6 6 373
1 1 373
3 3 369
4 4 373
7 7 370
3 3 369
2 2 370
3 3 370
4 4 376
2 2 370
5 5 370
2 2 373
7 7 372
1 1 370
7 7 370
2 2 373
6 6 371
4 4 383
1 1 370
5 5 370
7 7 373
8 8 376
6 6 373
0 0 373
1 1 370
8 8 370
2 2 383
5 5 378
7 7 368
7 7 370
6 6 369
9 9 376
3 3 370
5 5 376
8 8 370
4 4 370
2 2 374
4 4 372
0 0 370
8 8 370
8 8 370
3 3 373
4 4 375
9 9 373
2 2 373
7 7 369
5 5 370
8 8 370
6 6 372
5 5 379
6 6 369
0 0 373
8 8 372
6 6 373
7 7 370
3 3 372
6 6 370
4 4 370
9 9 373
4 4 380
6 6 377
6 6 370
3 3 370
2 2 370
4 4 373
1 1 370
0 0 373
1 1 373
4 4 371
6 6 371
2 2 358
9 9 351
1 1 382
1 1 347
0 0 346
6 6 347
3 3 352
9 9 352
5 5 387
6 6 352
5 5 347
6 6 347
5 5 346
8 8 347
4 4 346
6 6 347
4 4 348
3 3 348
9 9 350
1 1 368
3 3 373
4 4 377
1 1 373
9 9 370
1 1 376
7 7 379
1 1 377
1 1 376
9 9 371
3 3 371
5 5 370
4 4 370
0 0 371
7 7 390
3 3 374
6 6 376
1 1 372
7 7 373
5 5 353
5 5 346
3 3 346
3 3 347
0 0 349
1 1 345
5 3 347
7 7 347
5 5 380
8 8 376
6 6 349
5 5 366
1 1 373
0 0 368
4 4 370
2 2 409
3 3 376
4 4 372
6 6 373
7 7 373
9 9 370
8 8 354
1 1 348
8 8 345
4 4 346
9 9 350
2 2 374
8 8 352
6 6 367
2 2 367
7 7 352
0 0 346
0 0 349
6 6 371
7 7 371
5 5 376
8 8 370
6 6 370
0 0 378
9 9 377
3 3 371
7 7 370
1 1 371
3 3 370
5 5 371
4 4 370
3 3 370
3 3 372
5 5 370
5 5 374
6 6 375
3 3 371
0 0 380
2 2 378
3 3 371
4 4 370
2 2 371
3 3 370
0 0 371
9 9 370
9 9 371
4 4 373
7 7 370
2 2 371
8 8 375
4 4 371
7 7 371
0 0 370
6 6 371
2 2 370
8 8 370
5 5 373
2 2 371
8 8 372
5 5 374
7 7 371
3 3 374
0 0 370
8 8 370
2 2 378
3 3 373
2 2 383
8 8 371
2 2 370
5 5 369
5 5 370
7 7 373
6 6 370
4 4 346
6 6 349
8 8 346
4 4 346
8 8 350
2 2 346
7 7 348
4 4 345
5 5 349
2 2 347
0 0 349
3 3 346
9 2 346
4 9 350
6 6 377
7 7 371
2 2 370
5 5 370
6 1 370
1 1 370
1 1 374
2 2 374
3 3 371
6 6 378
7 7 376
8 8 370
7 7 370
6 6 370
4 4 372
8 8 371
9 9 370
4 4 370
8 8 370
6 6 370
3 3 371
8 8 370
3 3 373
1 1 378
0 0 373
6 6 370
2 2 370
2 2 372
5 5 370
6 6 370
9 9 376
5 5 374
8 8 371
1 1 373
4 4 371
1 1 376
7 7 378
8 2 371
4 4 368
6 6 367
1 1 373
8 8 373
4 4 368
3 3 376
1 1 376
2 2 374
8 8 370
0 0 384
8 8 373
5 5 373
9 9 370
1 1 370
4 4 373
2 2 379
0 0 377
2 2 381
7 7 376
0 0 378
9 9 378
0 0 393
2 2 400
5 5 376
7 7 378
6 6 370
7 7 379
9 9 376
4 4 370
2 2 370
6 6 368
2 2 370
4 4 373
4 4 373
8 8 376
0 0 370
4 4 373
4 4 371
5 5 370
8 8 370
0 0 370
6 6 376
8 8 370
9 9 368
8 8 370
5 5 373
6 6 372
9 9 372
0 0 371
4 4 371
8 8 370
7 7 371
1 1 371
3 3 371
4 4 374
5 5 375
8 8 370
0 0 378
9 9 376
1 1 371
3 3 373
3 3 373
6 6 368
9 9 370
8 8 370
7 7 370
1 1 371
0 0 375
5 5 373
7 7 377
1 1 380
7 7 377
5 5 378
2 2 382
7 7 376
9 9 376
1 1 370
8 8 370
5 5 370
2 2 374
4 4 376
9 9 373
4 4 370
7 7 379
2 2 373
2 2 371
3 3 374
4 4 370
9 9 374
1 1 368
9 9 368
2 2 370
1 1 368
7 7 370
9 9 370
4 4 368
4 4 368
1 5 373
6 6 375
7 7 373
2 2 379
7 7 377
8 8 370
8 8 370
1 1 371
9 9 376
7 7 370
1 1 371
1 1 370
7 7 373
5 5 370
3 5 370
3 3 380
5 5 399
1 1 377
3 3 380
7 7 379
6 6 417
1 1 376
3 3 377
8 8 378
7 7 372
5 5 371
9 9 371
9 0 368
0 0 370
0 0 370
2 2 370
8 8 381
8 8 371
2 2 370
3 3 368
7 7 368
1 1 368
3 3 371
0 0 370
3 3 371
4 4 372
4 4 371
3 3 370
8 8 371
9 9 378
2 2 372
3 3 370
9 9 371
7 7 370
1 1 372
1 1 379
7 7 375
0 0 373
4 4 373
9 9 371
6 6 370
5 5 368
9 9 380
1 1 376
7 7 376
0 0 379
2 2 382
0 0 379
0 0 376
4 4 370
6 6 370
7 7 373
0 0 375
7 7 373
1 1 369
4 4 373
6 6 375
4 4 376
5 5 370
4 4 373
9 9 370
9 9 368
1 1 371
7 7 370
9 9 371
5 5 371
3 3 371
3 3 371
8 8 372
2 2 370
3 3 371
6 6 370
2 2 370
2 2 376
1 1 373
1 1 371
1 1 374
1 1 370
1 1 370
6 6 370
9 9 370
8 8 370
4 4 370
3 3 370
7 7 371
1 1 383
6 6 376
4 4 378
5 5 387
0 0 375
4 4 370
7 7 370
4 4 370
2 2 370
4 4 378
0 0 374
7 7 370
0 0 379
1 1 373
9 9 371
8 8 370
8 8 370
6 6 368
0 0 371
0 0 370
4 4 370
9 1 374
6 6 370
8 8 371
2 2 371
2 2 372
3 3 368
8 8 371
4 4 371
8 8 377
2 2 376
2 2 375
1 1 371
7 7 370
5 5 370
4 4 370
4 4 370
0 0 370
4 4 371
3 3 370
9 9 368
7 7 371
3 3 375
1 1 376
0 0 377
1 1 382
2 2 377
5 5 370
9 9 371
2 2 372
1 1 371
0 0 371
1 1 373
8 8 371
9 9 378
1 1 370
6 6 376
8 8 368
3 3 347
8 8 346
9 9 371
3 3 369
6 6 347
2 2 380
8 8 359
3 3 347
2 2 372
2 2 374
1 1 346
0 0 348
4 4 347
2 2 347
9 9 359
2 2 381
4 4 377
3 3 377
7 7 381
9 9 377
1 1 371
5 5 368
2 2 377
4 9 374
9 9 370
0 0 371
3 3 371
8 8 373
5 5 377
3 3 377
6 6 379
0 0 379
9 9 396
4 4 383
6 6 379
2 2 374
5 5 370
0 0 370
2 0 378
7 7 374
4 4 370
6 6 371
6 6 377
8 8 373
6 6 371
6 6 370
8 8 370
6 6 370
9 9 370
1 1 370
7 7 371
2 2 370
5 5 371
9 9 370
9 9 370
0 0 370
7 7 377
2 2 375
7 7 378
6 6 374
7 7 370
0 0 370
6 6 376
5 5 374
2 2 370
4 4 370
7 7 370
2 2 370
0 0 370
9 9 370
9 9 380
2 2 401
2 2 379
9 9 408
4 4 375
4 4 371
2 2 376
3 3 376
3 3 371
2 2 362
1 1 346
7 7 346
0 0 347
7 7 375
6 6 377
4 4 349
1 1 354
3 3 347
8 8 346
7 7 347
4 4 357
5 5 347
9 9 348
2 2 347
5 5 369
1 1 370
8 8 371
7 7 373
3 3 371
7 7 371
1 1 382
5 5 373
5 5 370
0 0 370
9 9 370
1 1 370
4 4 370
0 0 370
6 6 371
3 3 368
3 3 368
6 6 368
0 0 368
4 4 376
9 9 376
7 7 371
5 5 378
1 1 375
6 6 371
8 8 370
9 9 371
5 5 371
5 5 369
7 7 367
9 9 368
3 3 368
8 8 374
3 3 376
8 8 370
1 1 368
5 5 368
3 3 368
5 5 368
0 0 370
5 5 370
5 5 370
3 3 370
8 8 368
6 6 370
7 7 380
7 7 370
7 7 371
3 3 370
7 7 375
0 0 376
5 5 369
9 9 370
0 0 373
2 2 372
5 5 371
5 5 374
3 3 371
1 1 370
7 7 375
7 7 373
8 8 371
6 6 390
5 5 376
9 7 379
3 3 407
8 8 374
9 9 370
5 5 370
3 3 370
7 7 353
9 9 347
1 1 354
7 7 357
0 0 373
0 0 346
3 3 347
7 7 347
2 2 347
5 3 347
8 8 350
1 1 370
8 8 370
6 6 370
2 2 370
9 9 370
5 5 370
7 7 373
5 5 374
7 7 368
8 8 368
6 6 368
2 2 376
5 5 378
1 1 376
4 4 370
8 8 370
4 4 370
5 5 374
8 8 370
3 3 373
0 0 379
6 6 377
2 2 375
7 7 371
3 3 381
3 3 377
2 2 378
1 1 376
0 0 384
7 7 376
3 3 377
4 4 375
0 0 380
3 3 379
9 9 373
3 3 370
2 2 373
8 8 370
9 9 376
0 0 370
3 3 370
8 8 376
0 0 370
7 7 370
6 6 371
5 5 370
4 4 370
7 7 377
3 3 372
9 9 370
0 0 368
8 8 367
6 6 371
2 2 374
5 5 376
6 1 374
1 1 374
0 0 370
0 0 370
4 4 373
4 4 370
0 0 373
1 1 370
2 2 372
3 3 373
2 2 370
7 7 380
7 7 376
8 8 376
5 5 378
2 2 380
5 5 371
7 7 370
6 6 370
9 9 370
1 1 381
4 4 369
1 1 371
6 6 370
4 4 371
2 2 361
4 4 347
3 3 348
5 5 347
4 4 347
3 3 348
9 9 347
5 5 348
0 0 347
1 1 351
5 5 372
3 3 370
8 8 371
9 9 371
1 1 371
9 9 374
7 7 377
9 9 375
5 5 375
5 5 370
2 2 370
7 7 374
4 4 374
6 6 382
0 0 383
1 1 371
1 1 372
1 1 373
0 0 371
4 4 384
4 4 377
7 7 376
6 6 385
3 3 376
0 0 373
0 0 375
4 4 370
3 3 373
0 0 373
6 6 373
1 1 371
9 9 373
6 6 372
1 1 371
3 3 374
8 8 371
1 1 371
2 2 371
5 5 371
6 6 368
2 2 371
7 7 378
3 3 373
6 6 371
0 0 371
1 1 374
9 9 368
7 7 373
6 6 368
6 6 374
8 8 381
9 9 376
2 2 373
9 9 370
5 5 370
8 8 370
3 3 373
1 1 354
0 0 346
0 0 349
7 7 349
6 6 346
6 6 374
2 2 376
1 1 379
6 6 383
9 9 408
3 3 376
1 1 362
8 8 351
6 6 354
9 9 380
0 0 358
6 6 346
0 0 349
0 0 346
0 0 347
6 6 346
3 3 366
5 5 368
9 9 368
3 3 373
4 9 369
5 5 368
5 5 368
8 8 368
5 5 368
3 3 368
0 0 369
4 4 370
0 0 371
2 2 371
9 9 371
6 6 378
8 8 377
2 2 377
3 3 371
1 1 374
2 2 378
1 1 371
1 1 375
5 5 375
6 6 370
9 9 379
8 8 370
0 0 381
6 6 377
6 6 381
5 5 386
5 5 377
3 3 371
8 8 377
6 6 377
2 2 379
1 1 378
4 4 368
5 5 380
4 4 376
3 3 374
7 7 371
8 8 368
5 5 371
0 0 374
9 9 375
3 3 375
5 5 377
1 1 375
1 1 371
0 0 375
4 4 380
4 4 370
7 7 371
0 0 376
1 1 374
7 4 375
0 0 397
1 1 391
6 6 376
1 1 376
4 4 376
5 5 379
6 6 379
6 6 382
5 5 371
7 7 377
8 8 376
4 4 368
4 4 385
7 7 380
2 2 377
5 5 380
3 3 379
7 7 377
0 0 386
7 7 439
7 7 381
9 9 368
6 6 374
4 4 371
2 2 374
8 8 375
5 5 370
7 7 371
8 8 373
3 3 371
9 9 371
5 5 370
8 8 373
9 9 370
9 9 371
8 8 371
6 6 371
2 2 370
8 8 373
9 9 370
2 2 375
3 3 374
6 6 375
1 1 379
1 1 377
8 8 376
9 9 373
3 3 375
4 4 370
0 0 370
7 7 379
9 9 370
6 6 371
4 4 374
1 1 385
4 4 382
1 1 377
3 3 379
4 4 390
9 9 410
3 3 376
1 1 378
4 4 373
7 7 370
7 7 374
4 4 371
7 7 371
2 2 371
9 9 370
3 3 371
0 0 371
8 8 368
8 0 371
8 8 379
4 4 372
0 0 371
4 4 371
4 4 371
1 1 370
5 5 372
2 2 371
8 8 371
3 3 374
4 4 371
9 9 376
5 5 376
2 2 371
8 8 370
1 1 370
5 5 370
3 3 376
7 7 375
9 9 371
4 4 376
2 2 373
5 5 371
6 6 381
3 3 397
5 5 376
9 9 379
3 3 408
5 5 376
9 9 370
3 7 378
1 1 370
9 9 370
5 5 371
3 3 371
0 0 370
6 6 373
9 9 371
8 8 375
4 4 371
0 0 371
4 4 370
9 5 370
2 2 371
9 9 370
0 0 371
1 1 370
0 0 370
3 3 371
1 1 375
6 6 374
5 5 371
8 8 371
1 1 370
5 5 379
3 3 377
3 5 372
0 0 369
3 3 372
5 5 375
5 5 379
9 9 371
2 3 379
8 8 375
7 7 371
0 0 410
4 4 377
9 9 379
1 1 392
9 9 374
7 7 371
7 7 371
5 5 370
5 5 370
2 2 370
0 0 371
9 9 370
1 1 371
8 8 370
6 6 375
2 2 370
3 3 370
9 9 381
6 6 370
2 2 370
1 1 371
9 9 370
1 1 371
3 3 371
5 5 371
5 5 372
0 0 371
3 3 371
8 8 371
3 3 370
3 3 378
7 7 382
6 6 375
6 6 370
0 0 369
1 1 374
4 4 371
0 0 373
6 6 374
9 9 371
8 8 380
1 1 373
2 2 385
9 9 377
9 9 378
5 5 379
9 9 391
7 7 376
3 3 376
7 7 371
8 8 370
0 0 373
1 1 370
3 3 378
0 0 370
4 4 351
6 6 347
1 1 348
0 0 346
2 2 346
5 5 352
8 5 356
4 4 346
4 4 357
1 1 371
1 1 370
5 5 370
4 4 370
6 6 372
6 6 370
0 0 370
6 6 370
9 9 375
2 2 376
6 6 376
2 2 371
7 7 371
1 1 370
7 7 373
9 9 373
4 4 370
0 0 370
0 0 371
3 3 371
8 8 370
2 2 381
2 2 378
3 3 378
1 1 398
6 6 376
0 0 369
5 5 370
7 7 372
7 7 375
9 9 373
2 2 373
6 6 372
7 7 370
9 9 370
7 7 379
8 8 372
6 6 370
8 8 370
8 8 370
4 4 370
6 6 370
8 8 367
4 4 371
1 1 370
2 2 373
8 8 370
1 2 377
3 3 376
9 9 368
4 4 374
0 0 380
3 3 376
7 7 369
3 3 370
2 2 370
3 3 383
3 3 371
7 7 368
3 3 373
4 4 370
0 0 371
6 6 368
2 2 410
0 0 376
8 8 376
1 1 379
5 5 400
3 3 375
5 5 380
4 4 376
1 1 373
7 7 368
1 1 370
5 5 373
7 7 378
5 5 372
7 7 373
3 3 374
2 2 373
2 2 373
7 7 373
3 3 373
7 7 368
3 3 370
7 7 371
8 8 371
5 5 370
4 4 371
5 5 372
2 2 370
5 5 371
6 6 378
5 5 376
3 3 378
6 6 373
7 7 371
4 4 373
1 1 373
7 7 373
1 1 373
5 5 373
2 2 373
3 3 376
6 6 373
3 3 375
1 2 424
4 4 376
2 2 379
6 6 387
7 7 394
4 4 376
3 3 387
8 8 376
0 0 373
6 6 373
2 2 375
1 1 374
6 6 373
5 5 379
3 3 376
9 9 373
1 1 371
9 9 376
3 3 378
2 2 370
1 1 371
8 8 371
4 4 370
4 4 370
6 6 371
5 5 372
8 8 375
6 6 371
9 9 371
7 7 377
7 7 375
8 8 381
6 6 388
9 9 373
7 7 371
3 3 374
9 9 373
4 4 375
0 0 373
5 5 374
4 4 370
6 6 370
4 4 416
1 1 376
2 2 379
3 3 382
0 0 392
0 0 428
2 2 386
6 6 378
6 6 373
5 5 373
7 7 377
0 0 373
8 8 373
6 6 371
4 4 373
7 7 381
9 9 372
0 0 376
7 7 378
3 3 370
4 4 370
2 2 370
1 1 371
8 8 371
8 8 371
5 5 371
9 9 371
2 2 377
7 7 370
1 1 381
8 8 383
8 8 374
8 8 371
2 2 375
7 7 373
6 6 384
0 0 376
1 1 370
2 2 370
7 7 371
1 1 368
0 0 375
8 8 402
3 3 377
6 6 379
0 0 379
5 5 389
3 3 392
6 6 376
2 2 377
8 8 368
7 9 371
0 0 371
1 1 371
4 4 374
2 2 372
1 1 376
1 1 376
4 4 374
4 4 373
4 4 373
4 4 370
7 7 371
1 1 371
6 6 370
2 2 371
9 9 371
9 9 372
0 0 371
0 0 373
1 1 371
8 8 371
8 8 371
4 4 371
3 3 369
4 4 378
2 2 375
0 0 371
6 6 371
1 1 368
6 6 374
1 1 368
2 2 376
2 2 373
2 2 379
1 1 390
2 2 377
3 3 378
7 7 377
8 8 398
1 1 407
0 0 379
0 0 376
2 2 382
1 1 370
6 6 371
6 6 370
0 0 374
1 1 371
6 6 376
2 2 373
5 5 376
1 1 371
7 7 379
4 4 373
8 8 374
2 2 371
1 1 370
4 4 371
3 3 371
8 8 372
3 3 371
9 9 374
9 9 379
4 4 372
8 8 379
3 3 376
4 4 381
7 7 377
2 2 373
7 7 370
5 5 372
7 7 373
0 0 373
4 4 376
3 3 370
3 3 390
2 2 421
6 6 377
7 7 377
6 6 382
0 0 407
0 0 399
6 6 376
7 7 376
7 7 380
0 0 376
5 5 370
5 5 374
8 8 371
1 1 379
0 0 374
7 7 379
0 0 371
2 2 373
8 8 373
1 1 368
5 5 371
0 0 371
8 8 371
8 8 370
0 0 373
3 3 371
2 2 371
7 7 371
7 7 371
2 2 371
6 6 368
4 4 368
7 7 373
5 5 368
5 5 374
5 5 374
2 2 373
9 9 379
2 2 373
8 8 381
4 4 377
6 6 377
8 8 386
6 6 376
5 5 379
0 0 379
0 0 414
8 8 389
7 7 376
6 6 377
1 1 379
7 7 372
1 1 373
1 1 373
2 2 367
7 7 370
4 4 370
0 0 370
0 0 371
7 7 370
7 7 370
6 6 367
3 3 370
8 8 371
6 6 370
4 4 370
2 2 370
0 0 372
9 9 374
4 4 374
0 0 368
5 5 370
7 7 370
8 8 370
2 2 372
7 7 376
4 4 374
7 7 373
1 1 376
1 1 372
3 3 375
6 6 373
6 6 372
2 2 372
9 9 419
1 1 376
9 9 378
4 4 379
8 8 378
3 3 444
6 6 376
9 9 379
5 5 350
9 9 349
6 6 350
2 2 354
4 4 373
6 6 377
7 7 371
7 7 373
0 0 376
6 6 373
6 6 375
9 9 370
4 4 370
8 8 375
3 3 370
5 5 370
3 3 371
4 4 371
9 9 372
0 0 373
0 0 370
5 5 368
2 2 368
5 5 373
0 0 368
7 7 373
1 1 372
1 1 374
1 1 368
6 0 372
7 7 372
6 6 370
7 7 373
9 9 375
6 6 381
6 6 425
4 4 376
1 1 380
4 4 379
3 3 457
1 1 379
1 1 382
2 2 377
2 2 376
4 4 373
1 1 376
0 0 373
8 8 371
7 7 374
6 6 370
3 3 370
4 4 371
0 0 373
0 0 377
6 6 373
3 3 370
3 3 371
0 0 370
7 9 370
1 1 371
7 7 370
1 1 373
1 1 380
3 3 371
1 1 371
0 0 379
9 9 370
9 9 389
7 7 379
5 5 373
4 4 371
1 1 373
4 4 382
8 8 382
9 9 379
5 5 373
3 3 415
5 5 376
1 1 378
9 9 378
8 8 381
2 2 403
3 3 412
3 3 377
9 9 376
9 9 381
0 0 349
1 1 345
0 0 352
2 2 346
9 9 379
3 3 349
9 9 349
3 3 349
3 3 374
6 6 371
2 2 368
4 4 371
9 9 371
8 8 371
3 3 370
7 7 372
4 4 370
0 0 371
4 4 374
7 7 371
8 8 370
4 4 380
9 9 376
8 8 373
9 9 373
9 9 373
7 7 373
5 5 373
9 9 374
2 2 373
8 8 373
2 2 373
2 2 376
0 0 421
2 2 382
2 2 376
3 3 379
8 8 392
4 4 407
6 6 376
8 8 373
6 4 381
8 8 373
2 2 371
4 4 371
6 6 370
7 7 371
9 9 369
3 3 371
3 3 371
9 9 371
4 4 371
3 3 375
1 1 371
4 4 371
4 8 371
7 7 371
0 0 371
5 5 372
9 9 368
6 6 371
0 0 371
4 4 378
4 4 372
4 4 371
4 4 371
6 6 371
1 1 377
2 2 373
3 3 371
3 3 374
6 6 371
4 4 371
5 5 371
9 9 371
6 6 394
8 8 377
5 5 378
6 6 381
5 5 408
8 8 393
6 6 376
4 4 373
1 1 378
8 8 377
6 6 374
5 5 370
2 2 371
8 8 377
4 4 376
5 5 371
5 5 371
4 4 374
7 7 371
7 7 368
0 0 371
7 7 371
8 8 371
2 2 371
2 2 371
3 3 371
7 7 369
0 0 371
1 1 371
8 8 370
0 0 369
7 7 368
1 1 371
9 9 371
8 8 371
7 7 370
5 5 371
5 5 379
9 9 377
1 1 377
7 7 376
5 5 374
4 4 395
9 9 376
1 1 378
2 2 378
2 2 412
1 1 410
6 6 384
6 6 376
7 7 378
1 1 376
1 1 378
4 4 377
0 0 373
7 7 373
4 4 373
2 2 376
4 4 381
0 0 378
6 6 380
4 4 370
7 7 371
6 6 371
9 9 370
5 5 371
3 3 370
4 4 375
6 6 370
5 5 371
0 0 378
1 1 371
8 8 371
8 8 371
2 2 373
8 8 381
3 3 370
5 5 376
7 7 373
8 8 373
0 0 376
8 8 373
5 5 373
7 7 370
1 1 385
1 1 435
0 0 377
1 1 378
3 3 378
7 7 404
8 8 403
5 5 376
0 0 377
7 7 375
1 1 376
1 1 362
0 0 349
1 1 365
1 1 376
4 4 348
5 5 352
2 2 360
7 7 349
6 6 354
2 2 367
3 3 370
0 0 371
2 2 370
8 0 371
5 5 375
9 9 370
6 6 372
9 9 370
7 7 370
2 2 374
1 1 368
3 3 372
6 6 373
4 4 367
1 1 373
8 8 373
2 2 373
4 4 374
0 0 373
5 5 374
1 1 373
0 0 381
2 2 419
2 2 376
6 6 378
4 4 376
4 4 385
3 3 404
9 9 376
6 6 379
1 1 378
6 6 371
5 5 373
7 7 373
9 9 373
2 2 374
0 0 376
2 2 373
6 6 373
0 0 373
1 1 373
4 4 369
3 3 371
5 5 371
2 2 371
8 8 371
8 8 377
0 0 373
8 8 371
8 8 371
9 9 371
0 0 370
9 9 371
6 6 370
7 7 370
6 6 371
3 3 374
9 9 371
3 3 373
4 4 373
7 7 383
7 7 377
7 7 374
4 4 376
9 9 413
0 0 376
6 6 378
4 4 381
8 8 421
4 4 421
2 2 376
7 7 376
2 2 372
8 8 379
1 1 374
0 0 373
0 0 373
7 7 373
8 8 373
3 3 373
3 3 373
3 3 373
1 1 371
3 3 371
7 7 370
6 6 371
1 1 373
3 3 371
1 1 370
6 6 372
6 6 374
5 5 378
7 7 374
4 4 373
7 7 368
5 5 373
9 9 367
5 5 371
8 8 370
4 4 370
9 9 383
9 9 373
1 1 370
6 6 376
5 5 373
0 0 376
1 1 397
3 3 376
7 2 379
0 0 379
3 3 384
4 4 396
8 8 377
2 2 373
2 2 380
0 0 376
2 2 376
5 5 373
1 1 373
5 5 373
1 1 373
4 4 374
8 8 373
8 8 373
9 9 373
1 1 369
2 2 371
1 1 374
3 3 374
5 5 371
1 1 371
0 0 371
9 9 372
4 4 371
4 4 371
8 8 371
3 3 368
2 2 369
5 5 373
9 9 368
7 7 368
6 6 373
6 6 373
2 2 376
0 0 371
0 0 372
0 0 373
5 5 373
8 8 449
7 7 376
1 1 379
5 5 379
2 2 386
3 3 417
8 8 383
5 5 371
1 1 380
8 8 379
2 2 372
0 0 373
4 4 372
9 9 373
9 9 373
6 6 372
2 2 375
3 3 376
3 3 378
5 5 371
6 6 370
4 4 370
8 8 371
0 0 371
9 9 371
2 2 372
8 8 371
3 3 371
6 6 371
7 7 387
5 5 373
7 4 373
2 2 378
9 9 373
4 4 375
9 9 376
1 1 378
2 2 376
8 8 373
6 6 377
0 0 376
7 7 384
0 0 390
9 4 410
1 1 378
1 1 382
6 6 387
7 7 389
5 5 380
9 9 379
9 9 375
1 1 376
9 9 376
5 5 377
9 9 373
2 2 376
5 5 373
0 0 373
4 4 373
1 1 373
0 0 377
8 8 370
9 9 374
0 0 371
8 8 378
9 9 377
8 8 375
9 9 373
4 4 372
2 2 376
5 5 380
7 7 373
9 9 377
8 8 370
9 9 368
8 8 371
0 0 373
9 9 371
9 9 373
6 6 368
8 8 368
9 9 368
9 9 368
5 5 368
9 9 381
8 8 399
5 5 376
1 1 378
0 0 376
3 3 423
3 3 379
5 5 373
2 2 376
1 1 376
6 6 370
5 5 370
0 0 373
2 2 355
8 8 349
1 1 352
5 5 349
6 6 352
2 2 357
3 3 373
0 0 368
2 2 376
2 2 376
6 6 370
4 4 370
3 3 370
5 5 370
5 5 370
1 1 370
7 7 370
2 2 368
1 1 370
6 6 373
9 9 368
1 1 370
9 9 370
9 9 373
5 5 376
5 5 374
1 1 368
6 6 370
2 2 368
2 2 379
8 8 436
6 6 376
7 7 378
1 1 378
4 4 388
6 6 410
0 0 376
4 4 376
0 0 378
3 3 371
3 3 370
2 2 371
2 2 370
3 3 371
6 6 370
8 8 371
9 9 370
8 8 371
5 5 373
3 3 371
8 8 371
5 5 374
4 4 375
5 5 371
2 2 371
0 0 375
5 5 370
6 6 373
3 3 370
2 2 371
8 8 375
3 3 370
9 9 374
9 9 382
5 5 370
7 7 373
9 9 373
4 4 372
6 6 373
7 7 376
1 1 373
3 3 376
7 7 429
3 3 376
6 6 379
6 6 382
0 0 412
9 9 402
0 0 375
1 1 376
9 9 376
9 9 371
2 2 373
8 8 372
8 9 378
0 0 364
1 1 349
6 6 346
9 9 345
7 7 350
5 5 349
3 3 346
4 4 347
7 7 358
4 4 371
9 9 370
9 9 370
4 4 371
3 3 372
6 6 370
3 3 371
1 1 376
1 1 376
7 7 368
6 6 373
9 9 372
1 1 368
8 8 373
4 4 373
1 1 380
1 1 376
9 9 370
9 9 370
4 4 373
3 3 384
6 6 406
8 8 376
1 1 378
6 6 379
0 0 426
4 4 379
1 1 377
3 3 376
7 1 373
7 7 372
4 4 374
9 9 373
5 5 373
1 1 376
0 0 373
0 0 373
1 1 373
1 1 373
6 6 376
2 2 374
1 1 370
9 9 380
8 8 372
4 4 370
0 0 370
3 3 370
6 6 370
4 4 370
9 9 371
0 0 378
7 7 373
1 1 386
6 6 376
5 5 373
7 7 373
5 5 373
2 2 380
5 5 373
1 1 372
8 8 373
5 5 373
4 4 375
7 7 412
0 0 377
6 6 379
7 7 378
0 0 407
2 2 385
5 5 376
8 8 378
1 1 379
0 0 380
4 4 377
5 5 368
7 7 373
1 1 368
8 8 371
5 5 370
1 1 371
9 9 371
0 0 374
0 0 370
6 6 370
0 0 371
7 7 371
3 3 374
1 1 371
8 8 372
3 3 370
9 9 371
7 7 371
0 0 374
0 0 368
8 8 368
9 9 370
5 5 368
9 9 378
8 8 377
3 3 377
2 2 381
7 7 373
2 2 374
9 9 371
7 7 389
2 2 436
1 1 382
1 1 379
3 3 376
7 7 377
5 5 538
3 3 386
1 1 385
9 9 376
8 8 377
2 2 703
2 2 647
2 2 376
8 8 377
8 8 376
5 5 378
7 7 381
3 3 422
8 8 378
9 9 377
8 8 651
8 8 386
6 6 380
8 8 404
2 2 378
3 3 383
9 9 382
7 7 377
5 5 377
6 6 377
2 2 378
9 9 382
2 2 379
8 8 379
8 8 379
1 1 377
6 6 377
8 8 405
8 8 377
7 7 426
9 9 377
1 1 380
8 8 376
0 0 379
1 1 379
7 7 376
2 2 524
0 0 399
7 7 379
5 5 380
1 1 373
9 9 373
0 0 371
2 2 371
0 0 377
9 9 371
8 8 368
6 6 371
2 2 371
3 3 371
9 9 371
3 3 371
8 8 371
0 0 371
2 2 371
1 1 371
1 1 374
1 1 371
1 1 371
4 4 373
2 2 368
9 9 371
7 7 373
2 7 384
5 5 370
1 1 368
1 1 371
2 2 370
1 1 371
9 9 386
9 9 425
9 9 376
1 1 378
0 0 379
2 2 405
0 0 401
2 2 376
1 1 379
1 1 376
4 4 376
6 6 371
4 4 370
1 1 370
5 5 370
4 4 371
9 9 370
7 7 373
7 7 371
1 7 371
5 5 371
6 6 371
2 2 379
2 0 370
2 2 371
8 8 372
0 0 370
6 6 370
9 9 371
6 6 370
1 1 370
9 9 370
7 7 371
7 7 370
1 1 371
4 4 370
8 8 374
5 5 368
3 3 373
4 4 370
3 3 373
4 4 371
9 7 376
7 7 440
5 5 377
0 0 379
7 7 381
4 4 428
8 8 379
8 8 379
1 1 379
5 5 376
3 3 373
9 9 371
5 5 370
9 9 376
7 7 378
6 6 370
9 9 370
0 0 374
3 3 370
6 6 370
3 3 370
9 9 371
8 8 371
2 2 370
2 2 370
1 1 371
2 2 372
8 8 371
6 6 372
8 8 371
5 5 371
5 5 370
3 3 371
9 9 371
4 4 370
9 9 378
2 2 371
5 5 372
1 1 372
5 5 370
1 1 373
4 8 371
4 4 376
1 1 377
4 4 376
4 4 376
3 3 383
5 5 375
9 9 374
1 1 370
2 2 370
2 2 376
3 3 379
3 3 371
0 0 374
2 2 374
9 9 371
0 0 371
0 0 371
9 9 371
9 5 374
6 6 370
0 0 369
9 9 380
3 3 369
2 2 371
8 8 371
4 4 371
1 1 371
9 9 370
9 9 371
7 7 370
2 2 368
7 7 371
9 9 368
9 9 371
5 5 368
9 9 370
5 5 374
1 1 371
1 1 373
8 8 371
3 3 371
5 5 371
1 1 371
9 9 380
5 5 398
3 3 376
5 5 381
4 4 379
9 9 465
5 5 384
9 9 377
3 3 380
1 1 367
9 9 373
0 0 370
9 9 370
7 7 373
5 5 371
4 4 380
9 9 379
2 2 370
0 0 376
1 1 371
0 0 379
5 5 372
1 1 371
4 4 371
9 9 370
3 3 371
3 3 372
6 6 371
1 1 371
5 5 370
2 2 371
5 5 368
2 2 370
2 2 368
0 0 379
9 9 376
2 2 370
6 6 373
6 6 376
0 0 371
1 1 370
2 2 373
0 0 382
3 3 389
0 0 376
2 2 378
5 5 381
5 5 406
7 7 402
9 9 375
5 5 376
5 5 374
0 0 370
8 8 374
9 9 373
5 5 381
0 0 379
3 3 371
2 2 373
5 5 370
9 9 370
0 0 370
8 8 378
8 8 370
4 4 370
5 5 371
8 8 370
8 8 372
4 4 370
5 5 371
4 4 371
8 8 371
5 5 371
4 4 370
9 9 371
2 2 374
2 2 375
1 1 370
2 2 373
6 6 378
8 8 377
8 8 375
7 7 370
0 0 376
3 3 421
6 6 376
6 6 379
4 4 379
3 3 436
8 8 377
8 8 377
7 7 375
2 2 376
2 2 373
0 0 371
0 0 370
9 9 370
3 3 370
9 9 374
9 9 373
1 1 371
9 9 371
8 8 371
6 6 374
6 6 369
4 4 371
2 2 371
6 6 371
9 9 370
2 2 373
8 8 374
5 5 370
4 4 370
5 5 369
7 7 368
9 9 371
9 9 371
9 9 371
2 2 371
1 1 376
8 8 373
3 3 373
4 4 368
0 0 371
7 7 373
8 8 368
3 3 371
9 9 383
3 3 376
4 4 378
6 6 377
5 5 661
6 6 377
2 2 1388
3 3 2785
9 9 842
2 2 894
6 6 1199
0 0 855
0 0 837
6 6 9677
1 1 4683
2 2 7504
8 8 378
7 7 376
9 9 377
8 8 387
2 2 379
0 0 378
4 4 379
7 7 379
7 7 386
5 5 376
0 0 463
5 5 377
6 6 931
4 4 385
6 6 383
7 7 1757
4 4 2906
3 3 378
0 0 387
7 7 377
5 5 482
0 0 377
7 7 377
4 4 377
2 2 377
0 0 538
8 8 729
9 9 377
9 9 376
4 4 377
2 2 377
4 4 376
6 6 377
7 7 377
8 8 377
7 7 377
6 6 377
9 9 376
4 4 374
1 1 371
3 3 371
7 7 371
3 3 371
0 0 380
8 8 371
8 7 370
7 7 378
6 6 373
9 9 370
3 3 370
9 9 372
2 2 368
2 2 373
9 9 369
2 2 370
1 1 368
8 8 370
3 3 370
2 2 371
9 9 387
6 6 377
8 8 377
4 4 377
0 0 379
1 1 379
2 2 384
8 8 404
4 4 376
5 5 377
2 2 374
7 7 375
8 8 379
1 1 397
1 1 373
3 3 370
0 0 371
3 3 374
5 5 370
7 7 369
0 0 371
3 3 371
1 1 371
9 9 371
3 3 374
6 5 373
3 3 371
1 1 371
7 7 369
7 7 368
3 3 374
0 0 369
8 8 371
4 4 371
8 8 371
2 2 373
6 6 370
5 5 377
2 2 371
9 9 370
7 7 371
3 3 373
9 9 409
0 0 377
9 9 376
9 9 379
6 6 378
4 4 406
2 2 376
9 9 376
7 7 377
2 2 376
1 1 373
1 1 374
6 6 370
7 7 371
4 4 370
7 7 373
5 5 371
9 9 374
6 6 371
8 8 377
2 2 370
1 1 371
4 4 371
4 4 370
5 5 370
7 7 371
6 6 379
1 1 370
3 3 370
2 2 371
5 5 370
9 9 379
9 9 377
3 3 371
6 6 370
1 1 370
1 1 371
4 4 370
6 6 370
9 9 370
7 7 374
2 2 370
1 1 381
5 5 410
1 1 376
4 4 379
6 6 378
3 3 398
8 8 381
1 1 376
1 1 377
0 0 380
3 3 374
1 1 380
6 6 375
8 8 370
4 4 373
9 9 370
0 0 376
7 7 371
3 3 371
0 0 378
2 2 376
9 9 370
0 0 371
6 6 370
6 6 370
6 6 371
3 3 370
6 6 371
7 7 371
7 7 371
2 2 372
8 8 380
6 6 376
0 0 382
8 8 371
3 3 374
0 0 371
2 2 370
9 9 374
8 8 378
3 3 374
2 2 380
5 5 374
3 3 411
8 9 376
8 8 378
0 0 378
0 0 424
1 1 383
9 9 376
5 5 373
1 1 377
3 3 370
9 9 370
6 6 370
0 0 370
1 1 380
4 4 376
1 1 377
7 7 374
1 1 406
2 2 376
3 3 370
7 7 371
9 9 370
7 7 377
4 4 375
9 9 370
9 9 372
3 3 371
9 9 376
2 2 380
8 8 372
2 2 374
7 7 373
1 1 370
8 8 372
0 0 371
9 9 370
1 1 370
0 0 372
1 1 370
7 7 371
7 7 374
9 9 375
6 6 377
9 9 372
9 9 370
9 9 370
2 2 371
1 1 380
6 6 374
1 1 370
3 3 377
5 5 380
7 7 373
1 1 370
9 9 377
7 7 370
6 6 370
4 4 370
5 5 370
7 7 370
6 6 378
6 6 371
9 9 370
9 9 370
6 6 375
3 3 370
6 6 370
2 2 377
9 9 377
8 8 371
1 1 379
2 2 376
2 2 373
5 5 373
5 5 370
2 2 377
3 3 372
7 7 381
2 2 371
1 1 370
0 0 376
1 1 371
0 0 370
4 4 373
5 5 381
2 2 373
8 8 370
2 2 375
8 8 379
3 3 376
5 5 370
1 1 376
7 7 370
8 3 383
1 1 373
1 1 370
2 2 370
9 9 372
7 7 373
8 8 370
4 4 370
0 0 370
3 5 371
0 0 371
7 7 380
8 8 370
8 8 371
4 4 376
7 7 376
7 7 370
8 8 370
5 5 370
8 8 371
4 4 370
9 9 370
8 8 375
1 1 371
3 3 373
8 8 379
0 0 373
3 3 370
1 1 370
7 7 372
9 8 373
5 5 370
5 5 373
1 1 380
6 6 380
5 5 379
7 7 371
4 4 370
9 9 379
3 3 378
5 5 383
4 4 370
7 7 371
1 1 370
2 2 377
0 0 371
8 8 374
1 1 379
6 6 376
0 0 371
7 7 374
3 3 377
4 4 371
7 7 371
3 3 370
9 9 373
6 6 379
0 0 370
8 8 377
6 6 371
4 4 373
8 8 370
7 7 370
7 7 370
9 9 370
3 3 373
8 8 370
6 6 370
9 9 379
7 7 373
2 2 374
3 3 378
4 4 374
0 0 372
2 2 374
1 1 371
8 0 377
3 3 373
5 5 371
5 5 370
7 7 379
2 2 373
4 4 370
6 6 382
7 7 377
2 2 375
8 8 378
3 3 373
0 0 371
8 8 371
7 7 385
8 8 369
9 9 370
0 0 370
8 8 375
4 4 370
4 4 370
5 5 376
8 8 378
5 5 371
6 6 375
6 6 379
3 3 373
0 0 370
9 9 373
3 3 370
7 7 378
6 6 376
8 8 376
9 9 372
3 3 373
4 4 377
9 9 373
5 5 373
8 8 371
9 9 377
1 1 370
2 2 371
8 8 376
8 8 381
6 6 368
8 8 371
1 1 370
3 3 370
7 7 370
9 9 370
0 0 376
1 1 375
1 1 374
4 4 373
7 7 373
0 0 373
8 8 377
1 1 379
7 7 373
4 4 370
5 5 370
7 7 371
1 1 370
2 2 379
1 1 370
1 1 370
3 3 374
9 0 370
6 6 372
2 2 375
1 1 372
2 2 370
8 8 371
0 0 380
7 7 409
6 6 376
6 6 382
9 9 382
3 3 379
7 7 380
0 0 370
5 5 370
2 2 373
8 8 370
0 0 370
5 5 382
4 4 376
3 3 412
8 8 378
4 4 379
6 6 370
6 6 385
2 2 375
7 7 375
9 9 371
5 5 371
1 1 371
3 3 370
2 2 372
4 4 373
3 3 371
6 6 370
1 1 371
9 9 371
4 4 370
4 4 368
7 7 370
6 6 370
5 5 376
4 4 373
1 1 370
9 9 370
9 9 370
2 2 370
7 7 370
8 8 371
0 0 371
1 1 368
3 3 373
6 6 378
1 1 374
3 3 368
4 4 380
1 1 377
1 1 370
1 1 370
5 5 371
6 6 371
0 0 384
7 7 377
0 0 379
7 7 390
2 2 377
3 3 375
2 2 376
5 5 378
2 2 382
2 2 377
9 9 371
4 4 370
9 9 371
8 8 371
1 1 370
2 2 374
1 1 379
6 6 374
1 1 373
2 2 370
7 7 370
8 8 370
0 0 370
0 0 370
0 0 371
8 8 370
2 2 371
2 2 371
9 9 374
2 2 386
2 2 374
7 7 378
9 9 371
9 9 371
2 2 371
7 7 375
5 5 376
1 1 377
3 3 370
4 4 370
9 9 370
4 4 373
1 1 381
8 8 376
5 5 376
6 6 384
2 2 377
8 8 373
3 3 371
1 1 373
2 2 376
8 8 371
4 4 370
9 9 370
9 9 368
3 3 371
7 7 377
0 0 376
7 7 371
7 7 373
2 2 371
3 3 370
2 2 368
4 4 370
0 0 376
3 3 373
9 9 371
9 9 373
8 8 370
4 4 371
1 1 370
0 0 372
6 6 370
0 0 368
9 9 370
6 6 371
8 8 371
6 6 370
1 1 371
1 1 370
9 9 379
8 8 372
9 9 370
2 2 368
3 3 368
5 5 385
5 5 372
9 9 370
4 4 370
2 2 371
1 1 371
9 9 379
4 4 377
3 3 373
9 9 375
6 6 368
0 0 371
4 4 374
0 0 375
6 6 373
0 0 370
1 1 370
2 2 378
3 3 377
4 4 373
7 7 368
8 8 370
9 9 370
0 0 374
1 1 370
2 2 382
3 3 376
4 4 379
7 7 374
8 8 370
9 9 371
0 0 368
1 1 370
2 2 373
3 3 374
4 4 370
5 5 370
6 6 376
7 7 380
8 8 370
9 9 376
8 8 371
3 3 382
4 4 375
7 7 370
8 8 371
6 6 370
3 3 371
4 4 376
0 0 377
9 9 372
7 7 368
1 1 376
9 9 377
3 3 370
8 8 370
4 4 375
7 7 371
3 3 370
0 0 370
9 9 374
1 1 374
4 4 371
5 5 370
4 4 370
6 6 371
2 2 378
0 0 376
6 6 380
2 2 380
1 1 381
1 1 371
1 1 376
1 1 378
7 7 376
2 2 370
4 4 374
7 7 378
5 5 373
2 2 370
9 9 373
4 4 370
5 5 371
8 8 374
4 4 370
2 2 387
9 9 371
7 7 370
0 0 371
0 0 380
7 7 379
5 5 370
1 1 368
1 1 370
7 7 377
6 6 376
6 6 372
6 6 373
8 8 376
2 2 373
2 2 373
7 7 368
7 7 370
4 4 373
0 0 371
2 2 371
4 4 371
2 2 368
1 1 371
8 8 371
9 9 369
6 6 373
1 1 368
0 0 371
5 5 374
9 9 371
6 6 368
9 9 368
8 8 368
0 0 368
3 3 378
0 0 368
8 8 368
3 3 373
9 9 376
6 6 370
3 3 368
0 0 371
1 1 376
2 2 371
3 3 368
4 4 373
5 5 373
6 6 368
7 7 368
0 0 368
1 1 373
2 2 373
3 3 377
4 4 371
5 5 372
6 6 376
7 7 373
8 8 374
9 9 373
0 0 372
1 1 373
2 2 373
3 3 371
4 4 368
5 5 368
6 6 376
7 7 373
8 8 373
5 5 371
4 4 371
8 8 370
7 7 368
4 4 373
7 7 373
7 7 373
3 3 376
9 9 372
8 8 368
8 8 370
3 3 373
1 1 371
5 5 370
8 8 373
2 2 370
7 7 378
4 4 374
2 2 370
1 1 370
5 5 370
4 4 370
5 5 370
5 5 370
8 8 370
6 6 371
4 4 376
4 4 377
4 4 373
1 1 373
8 8 370
7 7 370
5 5 373
5 5 373
1 1 372
8 8 373
9 9 373
1 1 371
3 3 371
6 6 371
3 3 373
3 3 373
2 2 374
2 2 373
6 6 370
9 9 370
9 9 373
6 6 372
5 5 371
5 5 373
3 3 373
3 3 373
8 8 373
1 1 373
6 6 372
5 5 379
6 6 376
8 8 370
1 1 373
9 9 384
7 7 372
6 6 370
8 8 370
3 3 370
7 7 373
4 4 381
7 7 370
0 0 376
9 9 380
0 0 373
0 0 369
3 3 385
7 7 376
9 9 380
3 3 352
0 0 360
2 2 360
0 0 373
1 1 372
0 0 367
1 1 370
0 0 371
4 4 368
0 0 378
1 1 379
0 0 374
4 4 373
7 7 376
9 9 370
6 6 375
2 2 373
6 6 371
2 2 370
2 2 372
9 9 373
9 9 373
0 0 370
1 1 373
2 2 377
3 3 380
4 4 377
5 5 378
6 6 386
7 7 376
8 8 379
9 9 376
0 0 370
1 1 373
2 2 371
3 3 370
4 4 378
5 5 381
6 6 415
7 7 376
8 8 379
9 9 376
0 0 381
1 1 378
2 2 378
3 3 425
4 4 376
5 5 373
6 6 380
7 7 369
8 8 373
9 9 376
8 8 373
0 0 379
5 5 370
6 6 373
6 6 376
0 0 374
8 8 372
0 0 374
2 2 373
3 3 376
7 7 371
9 9 371
4 4 371
7 7 368
1 1 379
9 9 370
1 1 372
7 7 368
1 1 381
4 4 377
0 0 379
0 0 379
4 4 379
1 1 380
7 7 405
5 5 391
7 7 391
1 1 368
3 3 376
3 3 370
3 3 371
1 1 370
6 6 370
9 9 371
7 7 371
4 4 370
3 3 374
0 0 370
2 2 371
5 5 374
2 2 373
6 6 376
0 0 374
8 8 370
9 9 371
4 4 370
3 3 376
5 5 376
4 4 373
8 8 374
1 1 384
5 5 389
9 9 378
0 0 373
6 6 373
4 4 371
3 3 377
6 6 381
3 3 378
3 3 371
8 8 386
1 1 376
4 4 369
7 7 368
5 5 368
7 7 368
2 2 377
2 2 370
0 0 368
0 0 368
1 1 373
7 7 377
7 7 376
9 9 376
5 5 378
9 9 368
8 8 368
9 9 370
6 6 371
8 8 373
8 8 368
2 2 368
3 3 370
6 6 373
1 1 371
2 2 370
9 9 372
8 8 370
9 9 373
5 5 370
2 2 376
6 6 373
2 2 373
4 4 376
8 8 373
4 4 376
6 6 374
5 5 370
0 0 368
1 1 374
5 5 377
6 6 376
7 7 370
8 8 379
9 9 369
0 0 374
1 1 371
2 2 380
3 3 375
4 4 378
5 5 368
6 6 377
7 7 376
8 8 370
9 9 370
0 0 371
1 1 371
2 2 370
3 3 370
4 4 376
5 5 376
6 6 371
7 7 379
8 8 375
9 9 371
7 7 371
4 4 376
2 2 373
0 0 370
9 9 371
0 0 370
1 1 371
5 5 370
8 8 371
8 8 370
0 0 373
2 2 370
7 7 374
8 8 368
4 4 368
4 4 383
6 6 377
1 1 371
0 0 370
4 4 373
5 5 381
3 3 376
9 9 370
4 4 370
2 2 373
0 0 378
5 5 377
0 0 374
1 1 370
3 3 370
2 2 375
9 9 374
1 1 371
6 6 370
0 0 371
1 1 370
1 1 374
8 8 380
0 0 377
4 4 373
7 7 378
7 7 373
6 6 371
3 3 370
6 6 371
0 0 371
7 7 372
3 3 371
5 5 370
4 4 371
2 2 371
4 4 373
1 1 373
8 8 373
3 3 380
5 5 370
6 6 374
7 7 382
0 0 376
6 6 378
7 7 373
1 1 373
2 2 371
5 5 376
8 8 377
1 1 354
9 9 347
3 3 345
8 8 347
2 2 373
8 8 368
7 7 358
6 6 349
7 7 369
1 1 370
4 4 373
6 6 371
2 2 371
9 9 375
3 3 376
0 0 376
1 1 373
2 2 373
3 3 381
4 4 371
5 5 370
6 6 371
7 7 380
0 0 372
1 1 373
2 2 373
3 3 372
4 4 383
5 5 373
0 0 374
1 1 374
2 2 368
8 8 370
9 9 375
1 1 376
4 4 373
0 0 378
9 9 373
5 5 373
0 0 373
8 8 371
0 0 385
7 7 376
7 7 415
1 1 376
1 1 371
2 2 379
9 9 377
3 3 379
6 6 374
7 7 374
2 2 370
3 3 371
8 8 377
1 1 378
2 2 376
9 9 373
8 8 370
8 8 371
7 7 371
1 1 371
7 7 370
1 1 371
1 1 371
0 0 371
3 3 370
4 4 372
2 2 370
6 6 370
4 4 370
7 7 371
4 4 376
2 2 368
7 7 371
4 4 379
9 9 376
1 1 375
0 0 373
6 6 372
8 8 368
5 5 380
5 5 373
5 5 370
3 3 374
5 5 376
9 9 390
7 7 376
4 4 376
8 8 370
5 5 380
9 9 371
6 6 370
9 9 380
3 3 371
0 0 376
3 3 379
8 8 374
9 9 370
1 1 371
8 8 371
1 1 371
6 6 373
0 0 370
0 0 371
1 1 371
2 2 380
3 3 369
4 4 370
5 5 370
6 6 377
7 7 377
8 8 379
9 9 378
0 0 371
1 1 370
2 2 380
3 3 391
4 4 379
5 5 379
6 6 374
7 7 372
8 8 373
9 9 372
0 0 373
1 1 373
2 2 368
3 3 383
4 4 377
5 5 379
6 6 378
7 7 408
8 8 374
9 9 372
3 3 377
5 5 377
3 3 371
2 2 371
9 9 368
3 3 371
2 2 370
1 1 371
4 4 371
5 5 371
5 5 371
2 2 371
3 3 371
2 2 371
1 1 372
3 3 376
9 9 371
7 7 370
2 2 372
1 1 371
2 2 371
8 8 371
9 9 382
1 1 375
8 8 371
8 8 371
7 7 370
8 8 381
1 1 378
0 0 371
0 0 371
7 7 371
7 7 371
8 8 371
7 7 371
5 5 382
0 0 376
6 6 372
1 1 370
5 5 371
7 7 370
4 4 378
6 6 387
1 1 376
2 2 348
5 5 385
0 0 346
7 7 346
9 9 346
9 9 379
0 0 380
3 3 379
8 8 379
4 4 379
4 4 379
8 8 379
1 1 377
8 8 378
6 6 378
5 5 422
9 9 377
0 0 377
0 0 377
0 0 376
3 3 449
7 7 392
1 1 377
6 6 377
4 4 379
2 2 379
6 6 380
6 6 377
0 0 379
4 4 382
5 5 391
4 4 445
1 1 412
3 3 376
8 8 379
6 6 386
3 3 376
9 9 375
9 9 379
5 5 373
9 9 370
3 3 373
7 7 373
8 8 376
5 5 371
6 6 370
4 4 373
7 7 373
6 6 370
2 2 371
2 2 370
0 0 371
9 9 371
4 4 370
0 0 370
1 1 370
2 2 370
3 3 375
4 4 379
5 5 370
6 6 370
7 7 381
8 8 369
9 9 370
0 0 371
1 1 370
2 2 381
3 3 375
5 5 379
6 6 383
0 0 372
1 1 470
2 2 375
3 3 372
4 4 381
5 5 375
6 6 373
8 8 374
7 7 373
1 1 373
3 3 382
2 2 375
8 2 373
0 0 373
7 7 374
5 5 373
9 9 374
9 9 373
6 6 380
0 0 376
9 9 377
4 4 373
1 1 371
3 3 370
2 2 370
1 1 374
2 2 377
3 3 382
8 8 374
3 3 373
2 2 373
6 6 372
5 5 373
6 6 373
8 8 376
2 2 374
7 7 373
4 4 376
8 8 372
1 1 376
8 8 373
0 0 384
5 5 383
3 3 409
9 9 376
4 4 376
1 1 378
9 9 379
2 2 373
1 1 376
9 9 372
6 6 376
7 7 382
9 9 376
0 0 376
4 4 373
6 6 375
1 1 373
7 7 373
3 3 373
8 8 378
7 7 379
2 2 376
9 9 375
6 6 374
5 5 371
8 8 372
3 3 375
9 9 376
0 0 377
5 5 371
7 7 371
1 1 371
6 6 378
1 1 373
0 0 368
9 9 368
3 3 374
3 3 372
4 4 371
4 4 371
0 0 371
6 6 371
2 2 370
5 5 374
4 4 390
2 2 374
3 3 371
4 4 371
6 6 371
0 0 374
0 0 371
2 2 371
0 0 377
1 1 368
4 4 371
5 5 372
6 6 373
7 7 380
8 8 371
9 9 375
0 0 373
1 1 376
2 2 371
3 3 371
4 4 371
5 5 371
6 6 371
7 7 371
8 8 382
0 0 381
1 1 375
2 2 374
3 3 373
4 4 373
5 5 371
6 6 370
7 7 371
8 8 371
9 9 372
8 8 371
7 7 370
1 1 374
3 3 373
7 7 371
5 5 402
2 2 376
8 8 377
0 0 369
7 7 370
5 5 373
9 9 380
9 9 381
0 0 373
9 9 372
1 1 379
1 1 376
5 5 372
8 8 373
8 8 373
6 6 372
3 3 373
2 2 376
1 1 379
8 8 370
3 3 384
2 2 376
6 6 371
5 5 371
6 6 371
7 7 384
4 4 386
1 1 373
0 0 373
5 5 373
3 3 380
1 1 375
9 9 376
2 2 376
1 1 372
9 9 376
6 6 373
0 0 373
4 4 373
6 6 372
1 1 370
7 7 377
3 3 378
8 8 372
7 7 384
2 2 373
9 9 374
6 6 372
5 5 373
8 8 372
3 3 376
5 5 373
7 7 372
1 1 381
6 6 381
1 1 349
0 0 349
9 9 349
6 6 375
2 2 376
5 5 363
4 4 355
2 2 401
3 3 373
4 4 349
4 4 374
6 6 373
0 0 346
0 0 352
2 2 351
0 0 352
1 1 356
2 2 360
3 3 373
4 4 373
5 3 380
6 6 370
7 7 371
8 8 370
9 9 371
0 0 371
1 1 371
2 2 371
3 3 374
4 4 376
5 5 377
6 6 370
7 7 391
8 8 374
9 9 370
0 0 373
1 1 372
2 2 372
3 3 371
4 4 356
5 5 349
6 6 378
7 7 384
8 8 347
9 9 350
8 8 353
6 6 349
5 5 358
0 0 380
6 6 376
8 8 374
9 9 373
4 4 368
1 1 371
9 9 370
5 5 370
3 3 370
0 0 379
4 4 380
8 8 373
9 9 373
1 1 372
4 4 373
0 0 373
5 5 370
5 5 370
2 2 371
1 1 368
5 5 375
4 4 376
0 0 372
7 7 371
6 6 368
0 0 368
1 1 370
7 7 384
0 0 373
6 6 370
8 8 371
9 9 368
5 5 371
1 1 371
7 7 370
9 9 370
8 8 380
6 6 376
0 0 375
8 8 373
1 1 368
7 7 370
7 7 378
1 1 371
3 3 371
2 2 373
3 0 373
1 1 368
4 4 371
2 2 370
0 0 371
0 0 374
7 7 368
8 8 369
4 4 368
6 6 373
4 4 368
9 9 373
3 3 376
8 8 374
4 4 368
7 7 370
2 2 375
5 5 374
6 6 379
3 3 371
6 6 370
9 9 373
6 6 376
3 3 368
2 2 390
2 2 371
4 4 370
6 6 371
9 9 368
0 0 373
2 2 383
5 5 379
5 5 366
1 1 353
3 3 383
3 3 347
9 9 362
7 7 382
8 8 360
7 7 349
2 2 358
2 2 362
5 5 382
7 7 373
9 9 368
8 8 370
2 2 376
1 1 373
3 3 370
1 1 371
3 3 369
0 0 371
1 1 368
2 2 373
3 3 373
4 4 372
5 5 368
6 6 380
7 7 376
8 8 374
9 9 373
0 0 373
1 1 372
2 2 373
3 3 373
4 4 371
5 5 368
6 6 385
7 7 372
8 8 383
9 5 376
0 0 375
1 1 373
2 2 347
3 3 384
4 4 371
5 5 376
6 6 346
7 7 367
8 8 369
9 5 348
1 1 351
2 2 349
6 6 366
5 5 373
3 3 373
0 0 380
7 7 373
0 0 370
4 4 370
1 1 373
4 4 370
3 3 375
6 6 381
7 7 383
2 2 373
3 3 377
1 1 371
2 2 371
1 1 372
2 2 377
9 9 378
6 6 370
0 0 373
1 1 374
3 3 381
0 0 373
2 2 373
7 7 380
5 5 373
7 7 383
6 6 371
2 2 370
9 9 368
1 1 374
9 9 372
0 0 377
6 6 370
0 0 376
6 6 377
0 0 377
2 2 372
0 0 373
6 6 376
1 1 373
5 5 373
8 8 373
4 4 373
3 3 368
0 0 380
1 1 373
5 5 374
4 4 370
4 4 376
8 8 373
5 5 371
7 7 374
5 5 371
7 7 371
8 8 371
3 3 374
4 4 376
8 8 370
8 8 372
5 5 371
2 2 374
9 9 370
7 7 373
1 1 372
3 3 371
8 8 377
1 1 370
0 0 382
7 7 375
5 5 370
9 9 371
6 6 370
9 9 368
4 4 371
7 7 370
7 7 378
9 9 376
9 8 362
3 3 347
4 4 349
4 4 347
3 3 346
8 8 348
6 6 346
2 2 347
0 0 346
1 1 346
2 2 362
3 3 371
4 4 379
5 5 372
6 6 370
7 7 370
8 8 372
9 9 369
0 0 370
1 1 378
2 2 378
3 3 375
4 4 370
5 5 370
6 6 370
7 7 371
8 8 373
9 9 370
0 0 377
1 1 377
2 2 370
3 3 373
4 4 368
5 5 371
6 6 380
7 7 370
8 8 370
9 9 370
0 0 370
8 8 370
3 3 381
9 9 376
5 5 373
5 5 376
2 2 371
6 6 370
8 8 371
4 4 371
9 9 374
1 1 370
7 7 371
1 1 374
2 2 371
3 3 371
5 5 371
9 9 371
6 6 380
9 9 370
1 1 371
1 1 371
1 1 375
2 2 381
9 9 371
5 5 379
6 6 371
8 8 374
1 1 373
2 2 374
0 0 368
7 7 371
7 7 373
5 5 379
8 8 370
2 2 370
9 9 371
8 8 371
9 9 379
0 0 376
4 4 370
6 6 371
7 7 377
1 1 378
3 3 377
4 4 372
5 5 374
6 6 375
0 0 370
3 3 373
6 6 371
8 8 370
7 7 370
0 0 373
4 4 370
2 2 370
7 7 373
4 4 371
7 7 371
5 5 371
4 4 371
3 3 371
4 4 371
2 2 370
8 8 368
1 1 375
5 5 379
1 1 373
2 2 371
0 0 370
2 2 370
5 5 370
6 6 372
4 4 370
3 3 374
0 0 375
0 0 374
0 0 373
3 3 372
3 3 370
5 5 371
7 7 388
0 0 376
6 6 379
4 4 373
8 8 370
8 8 370
6 6 370
3 3 370
4 4 374
6 6 382
9 9 364
9 9 349
8 8 347
2 2 345
7 7 347
7 7 348
1 1 347
0 0 346
1 1 356
2 2 371
3 3 370
4 4 379
5 5 372
6 6 377
7 7 371
8 8 370
9 9 371
0 0 368
1 1 373
2 2 376
3 3 370
4 4 371
5 5 376
6 6 368
7 7 373
8 8 370
0 0 375
1 1 370
2 2 376
3 3 378
4 4 371
5 5 370
6 6 368
7 7 384
8 8 376
2 2 370
1 1 374
7 7 370
2 2 353
5 5 348
0 0 347
8 8 348
0 0 383
2 2 346
7 7 349
8 8 373
8 8 378
3 3 346
6 6 355
0 0 374
2 2 370
7 7 376
6 6 368
6 6 368
1 1 370
2 2 371
8 8 371
8 8 371
7 7 369
7 7 381
4 4 376
7 7 370
7 7 373
3 3 373
7 7 373
4 4 370
5 5 373
4 4 370
3 3 368
3 3 376
8 8 375
4 4 377
1 1 371
1 1 370
9 9 368
7 7 379
4 4 383
3 3 375
7 7 370
3 3 373
3 3 370
0 0 371
2 2 376
5 5 370
5 5 363
6 6 372
6 6 359
3 3 347
5 5 349
2 2 358
5 5 346
9 9 346
9 9 352
8 8 346
4 4 353
1 1 367
0 0 370
6 6 379
0 0 370
9 9 378
6 6 371
8 8 378
8 8 387
5 5 375
6 6 378
1 1 370
1 1 370
9 9 371
8 8 371
9 9 370
2 2 374
3 3 370
5 5 375
5 5 370
9 9 379
4 4 371
2 2 371
1 1 378
9 9 373
3 3 378
9 9 384
2 2 375
0 0 370
6 6 370
0 0 373
4 4 371
0 0 383
0 0 368
1 1 379
2 2 360
3 3 352
4 4 347
7 7 352
8 8 347
9 9 352
0 0 346
1 1 353
2 2 377
3 3 378
7 7 373
8 8 373
9 9 370
0 0 370
1 1 371
2 2 373
3 3 368
4 4 368
7 7 371
8 8 370
9 9 370
7 7 370
3 3 371
0 0 373
3 3 371
1 1 377
8 8 373
7 7 370
6 6 368
4 4 379
0 0 376
2 2 370
6 6 370
8 8 380
3 3 385
2 2 369
8 8 370
1 1 370
2 2 370
0 0 370
7 7 371
1 1 370
0 0 376
4 4 376
4 4 370
5 5 371
8 8 370
0 0 371
6 6 370
2 2 368
3 3 380
1 1 375
5 5 368
1 1 375
8 8 374
5 5 368
9 9 368
4 4 371
0 0 368
7 7 372
5 5 368
8 8 368
8 8 367
3 3 368
8 8 368
9 9 368
2 2 368
6 6 368
2 2 368
5 5 370
3 3 370
1 1 377
7 7 371
3 3 375
9 9 373
1 1 370
9 9 398
9 9 376
6 6 376
0 0 371
3 3 371
9 9 379
2 2 373
8 8 371
1 1 363
4 4 372
3 3 362
5 5 365
2 2 383
9 9 347
2 2 347
5 5 347
8 8 379
9 9 377
5 5 351
0 0 346
1 1 364
2 2 368
4 4 371
5 5 371
6 6 371
0 0 368
1 1 369
2 2 368
3 3 373
4 4 371
5 5 371
6 6 370
7 7 378
1 1 371
2 2 368
3 3 371
4 4 375
5 5 374
1 1 373
0 0 370
4 4 371
5 5 380
6 6 377
6 6 373
3 3 383
4 4 375
4 4 371
2 2 370
8 9 371
1 1 381
0 0 370
6 6 373
4 4 373
9 9 369
7 7 368
2 2 373
3 3 378
3 3 376
9 9 376
2 2 376
0 0 370
9 9 373
3 3 378
3 3 368
9 7 370
1 7 371
5 5 370
2 2 375
3 3 375
7 1 368
7 7 372
8 8 373
4 4 380
0 0 403
2 2 382
4 4 376
0 0 376
2 2 377
4 4 386
7 7 379
8 8 376
0 0 376
7 7 372
0 0 376
6 6 377
9 9 371
3 3 380
2 2 376
8 8 381
6 6 379
0 7 381
5 5 381
7 7 378
5 5 442
1 1 376
0 0 376
8 8 377
1 1 378
6 6 376
7 7 377
2 2 377
9 9 371
7 7 371
9 9 371
5 5 373
8 8 368
6 6 372
2 2 374
6 6 371
2 2 371
8 8 371
1 1 371
7 7 371
5 5 371
0 0 371
1 1 377
1 1 371
3 3 368
8 2 376
4 4 377
9 9 369
1 1 370
8 8 371
6 6 373
8 0 371
9 9 371
0 0 371
1 1 371
2 2 379
3 3 377
4 4 370
5 5 371
6 6 374
7 7 371
8 8 373
9 9 371
0 0 372
1 1 379
2 2 378
3 3 377
4 4 376
7 7 379
8 8 387
9 9 369
0 0 368
1 1 371
7 7 370
8 8 371
9 9 368
9 9 371
8 8 370
9 9 370
8 8 371
4 4 370
1 1 371
7 7 368
7 7 367
3 3 370
3 3 375
7 7 378
6 6 372
6 6 371
6 6 370
1 1 370
9 9 370
0 0 371
1 1 370
7 7 373
6 6 371
3 3 371
2 2 374
1 1 376
7 7 371
1 1 370
3 3 370
9 9 371
1 1 375
7 7 377
6 6 368
8 8 380
4 4 374
1 1 373
4 4 372
3 3 370
6 6 372
9 9 373
6 6 385
1 1 376
4 4 371
4 4 372
7 7 368
2 2 370
4 4 373
4 4 370
0 0 371
1 1 370
2 2 371
3 3 371
4 4 371
5 5 379
6 6 379
7 7 377
8 8 377
9 9 377
0 0 376
1 1 376
2 2 371
3 3 369
4 4 368
5 5 376
6 6 373
9 9 369
0 0 368
1 1 383
2 2 376
3 3 378
4 4 415
7 7 375
8 8 367
1 1 379
3 3 371
5 5 367
1 1 370
7 7 371
7 7 370
2 2 371
1 1 373
4 4 379
8 8 371
3 3 370
4 4 376
4 4 371
3 3 383
9 9 373
7 7 371
4 4 371
1 1 371
2 2 371
3 3 372
5 5 371
9 9 379
1 1 381
6 6 379
0 0 374
1 1 368
0 0 370
0 0 371
2 2 371
8 8 370
7 7 371
1 1 376
1 1 371
4 4 371
0 0 373
4 4 368
7 7 377
3 3 376
6 6 371
8 8 369
0 0 371
3 3 375
7 7 379
4 4 376
0 0 370
6 6 370
9 9 368
2 2 374
6 6 370
5 5 370
8 8 374
6 6 379
9 9 378
0 0 371
4 4 370
0 0 368
6 6 370
1 6 370
9 9 371
2 2 371
0 0 371
9 9 371
5 5 383
1 1 379
3 3 370
7 7 376
6 6 374
9 9 370
3 3 371
0 0 371
2 2 370
2 2 373
0 0 370
1 1 367
2 2 376
3 3 370
4 4 371
5 5 376
6 6 375
7 7 378
8 8 377
9 9 375
0 0 371
1 1 378
2 2 380
3 3 392
4 4 376
5 5 376
6 6 372
7 7 379
8 8 373
9 9 371
0 0 371
1 1 379
2 2 375
3 3 370
4 4 374
5 5 370
6 6 380
7 7 370
8 8 370
9 9 370
2 2 371
1 1 371
7 7 373
2 2 374
5 5 374
0 0 378
8 8 379
0 0 380
2 2 370
7 7 373
8 8 370
8 8 370
3 3 370
0 0 370
6 6 377
0 0 370
2 2 373
7 7 377
6 6 376
6 6 377
1 1 376
2 2 377
8 8 376
8 8 370
7 7 378
7 7 378
4 4 378
7 7 382
7 7 371
3 3 371
7 7 371
4 4 370
5 5 373
4 4 382
3 3 373
3 3 371
8 8 370
4 4 371
5 5 373
4 4 368
1 1 370
1 1 370
9 9 370
7 7 375
4 4 378
3 3 378
7 7 371
3 3 370
3 3 373
0 0 376
2 2 371
5 5 370
5 5 370
6 6 373
3 3 370
1 1 376
5 5 370
2 2 370
5 5 372
9 9 370
9 9 371
8 8 371
4 4 520
1 1 376
0 0 377
6 6 373
0 0 376
9 9 374
6 6 369
8 8 368
8 8 371
5 5 370
6 6 374
1 1 371
1 1 371
9 9 373
8 8 376
9 9 368
2 2 371
3 3 370
5 5 371
5 5 370
9 9 371
4 4 368
2 2 370
1 1 378
9 9 376
4 4 372
9 9 370
1 1 373
3 3 371
9 9 370
2 2 374
0 0 375
6 6 370
0 0 371
4 4 376
0 0 370
6 6 370
0 0 373
1 1 375
2 2 370
3 3 380
4 4 376
5 5 382
6 6 376
7 7 374
8 8 375
9 9 377
0 0 371
1 1 379
2 2 373
3 3 371
4 4 374
5 5 361
6 6 347
7 7 367
8 8 380
9 9 347
0 0 346
1 1 349
2 2 346
3 3 348
4 4 380
5 5 371
6 6 349
7 7 352
8 8 373
9 9 370
3 3 373
8 8 372
0 0 370
7 7 370
1 1 378
0 0 376
7 7 372
5 5 372
5 5 370
6 6 370
9 9 370
0 0 372
1 1 372
0 0 368
0 0 374
8 8 378
3 3 377
4 4 379
3 3 383
1 1 376
5 5 416
0 0 376
0 0 371
9 9 373
5 5 374
3 3 370
4 4 371
9 9 375
3 3 371
7 7 380
6 6 380
9 9 370
2 2 376
4 4 371
5 5 370
7 7 379
2 2 379
6 6 373
4 4 371
9 9 371
4 4 370
9 9 371
4 4 371
1 1 370
2 2 372
2 2 370
5 5 374
8 8 374
1 1 384
3 3 370
2 2 370
9 9 372
4 4 373
3 3 375
8 8 370
2 2 370
2 2 379
1 1 379
2 2 376
8 8 377
6 6 378
5 5 383
1 1 370
6 6 370
7 7 370
2 2 371
1 1 355
3 3 347
9 9 345
3 3 349
8 8 350
7 7 347
5 5 349
7 7 384
0 0 357
7 7 346
4 4 372
8 8 379
8 8 377
5 5 370
0 0 373
6 6 368
6 6 368
3 3 368
7 7 370
6 6 371
9 9 370
9 9 371
4 4 370
8 8 378
4 4 379
1 1 370
0 0 371
6 6 370
6 6 370
0 0 370
1 1 374
2 2 378
3 3 378
4 4 370
5 5 370
6 6 370
7 7 368
8 8 371
9 9 390
0 0 372
1 1 370
2 2 370
3 3 380
4 4 373
5 5 361
6 6 346
7 7 347
8 8 377
9 9 359
0 0 356
1 1 347
2 2 367
3 3 379
4 4 372
5 5 347
6 6 358
7 7 364
8 8 370
9 9 371
7 7 370
4 4 371
0 0 374
4 4 373
0 0 370
1 1 372
7 7 370
9 9 370
5 5 371
1 1 370
4 4 374
2 2 374
8 8 371
9 9 370
4 4 379
3 3 373
7 7 370
8 8 370
2 2 373
4 4 381
4 4 393
3 3 376
3 3 385
6 6 375
9 9 370
9 9 376
5 5 378
8 8 370
6 6 373
7 7 370
0 0 371
6 6 375
8 8 372
2 2 370
6 6 374
3 3 378
9 9 370
3 3 371
2 2 371
8 8 373
6 6 370
1 1 374
7 7 371
4 4 370
8 8 370
8 8 370
9 9 375
0 0 374
3 3 377
3 3 379
9 9 372
0 0 374
5 5 370
2 2 371
9 9 380
4 4 377
1 1 372
0 0 376
3 3 370
7 7 370
5 5 376
8 8 370
7 7 378
7 7 373
8 8 381
2 2 376
9 9 378
7 7 374
1 1 370
2 2 370
6 6 377
4 4 382
2 2 378
5 5 371
2 2 370
3 3 378
6 6 361
6 6 347
5 5 362
0 0 368
0 0 347
2 2 345
8 8 346
1 1 366
6 6 370
1 1 371
0 0 371
4 4 373
3 3 371
1 1 371
6 6 372
1 1 368
9 9 370
0 0 374
1 1 368
4 4 376
5 5 379
6 6 372
7 7 371
8 8 370
9 9 373
1 1 375
2 2 373
3 3 370
4 4 370
5 5 373
6 6 377
7 7 387
0 0 375
1 1 370
2 2 370
3 3 374
4 4 379
5 5 378
6 6 370
7 7 370
8 8 378
9 9 375
8 8 382
4 4 373
0 0 370
0 0 376
7 7 373
2 2 371
4 4 371
3 3 370
8 8 373
6 6 373
6 6 371
3 3 371
2 2 373
6 6 375
3 3 371
3 3 372
0 0 370
1 1 373
4 4 375
7 7 370
8 8 374
0 0 373
3 3 372
1 1 376
9 9 373
0 0 370
1 1 370
9 9 370
1 1 378
2 2 376
7 7 378
0 0 373
1 1 454
3 3 372
8 8 370
2 2 370
9 9 378
2 2 376
7 7 374
6 6 374
5 5 376
5 5 373
9 9 373
9 9 371
8 8 373
2 2 373
9 9 378
1 1 371
3 3 373
2 2 373
3 3 373
4 4 382
3 3 373
1 1 370
9 9 371
0 0 373
9 9 380
3 3 372
6 6 373
8 8 373
7 7 372
0 0 371
1 1 373
0 0 376
5 5 373
8 8 376
2 2 370
7 7 372
7 7 376
0 0 376
1 1 371
2 2 373
3 3 378
4 4 374
5 5 382
6 6 374
7 7 373
8 2 373
9 9 376
0 0 378
1 1 373
2 2 373
3 3 373
4 4 373
5 5 349
6 6 350
7 7 352
8 8 349
9 9 352
0 0 349
1 1 349
2 2 353
3 3 367
4 4 371
5 5 373
6 6 372
7 7 374
8 8 370
9 9 373
1 1 368
7 7 381
4 4 376
8 8 373
1 1 372
5 5 375
6 6 373
5 5 373
7 7 370
2 2 373
8 8 375
6 6 368
3 3 371
3 3 373
8 8 373
6 6 376
5 5 375
4 4 370
0 0 380
9 9 376
1 1 370
7 7 370
2 2 370
9 9 370
1 1 350
5 5 353
1 1 347
3 3 349
2 2 361
2 2 349
3 3 349
0 0 383
6 6 376
4 4 361
3 3 356
7 7 355
6 6 373
9 9 373
0 0 373
4 4 373
8 8 370
1 1 370
4 4 370
0 0 379
6 6 376
1 1 373
2 2 372
6 6 370
9 9 373
2 2 370
2 2 371
3 3 371
5 5 371
5 5 371
1 1 371
0 0 370
7 7 370
7 7 381
9 9 377
6 6 380
2 2 375
9 9 378
4 4 385
7 7 371
0 0 403
2 2 375
3 3 373
4 4 373
0 0 376
0 0 373
8 8 370
8 8 365
8 8 352
5 5 354
1 1 346
3 3 349
7 7 352
4 4 350
9 9 360
8 8 373
8 8 373
9 9 373
0 0 372
9 9 371
8 8 371
9 9 378
0 0 372
2 2 378
6 6 372
5 5 379
6 6 371
7 7 371
4 4 370
7 7 373
5 5 370
4 4 372
1 1 373
3 3 371
5 5 370
3 3 371
1 1 370
2 2 371
3 3 371
4 4 371
5 5 374
6 6 376
1 1 368
2 2 373
3 3 368
4 4 370
6 6 363
0 0 346
1 1 345
2 2 346
4 4 345
5 5 349
6 6 349
7 7 366
8 8 376
1 1 376
7 7 370
2 2 373
4 4 373
1 1 372
4 4 368
1 1 371
4 4 370
9 9 370
6 6 373
8 8 380
4 4 370
5 5 371
3 3 372
7 7 374
8 8 373
4 4 357
3 3 349
3 3 349
5 5 349
6 6 349
7 7 350
0 0 349
6 6 349
1 1 350
6 6 359
8 8 368
7 7 380
0 0 376
1 1 377
5 5 375
0 0 371
8 8 377
5 5 375
0 0 373
1 1 381
5 5 379
8 8 371
4 4 374
2 2 373
3 3 373
9 9 373
7 7 373
6 6 373
9 9 376
1 1 373
9 9 368
0 0 371
6 6 373
7 7 391
1 1 369
2 2 396
3 3 373
9 9 378
2 2 380
4 4 370
5 5 372
5 5 375
3 3 373
7 7 467
5 5 371
3 3 372
1 1 401
8 8 397
2 2 370
2 2 379
3 3 373
0 0 370
2 2 373
9 9 378
4 4 378
9 9 384
7 7 374
0 0 370
2 2 381
7 7 372
4 4 373
9 9 382
9 9 380
2 2 352
5 5 385
9 9 349
8 8 353
3 3 347
8 8 352
6 6 349
7 7 351
0 0 368
0 0 370
1 1 382
2 2 376
3 3 371
4 4 373
5 5 368
6 6 367
7 7 371
8 8 373
9 9 379
0 0 374
1 1 371
2 2 374
3 3 376
4 4 376
5 5 373
6 6 375
7 7 373
8 8 370
9 9 370
0 0 371
1 1 380
2 2 374
3 3 372
4 4 370
5 5 370
6 6 379
7 7 374
8 8 370
9 9 371
0 0 371
0 0 371
7 7 378
2 2 373
6 6 373
5 5 368
5 5 373
3 3 377
7 7 368
8 8 373
6 6 368
6 6 370
6 6 377
6 6 373
4 4 373
3 3 370
8 8 373
8 8 375
3 3 375
0 0 377
1 1 376
9 9 373
0 0 373
5 5 376
4 4 376
1 1 374
9 9 370
1 1 376
2 2 373
7 7 376
0 0 370
1 1 371
3 3 377
8 8 377
2 2 370
9 9 370
2 2 368
7 7 373
4 4 376
2 2 383
6 6 371
5 5 370
5 5 370
9 9 371
9 9 370
1 1 371
1 1 375
5 5 374
7 7 374
6 6 368
8 8 370
2 2 368
9 9 370
4 4 380
3 3 371
1 1 374
9 9 373
0 0 373
9 9 373
3 3 368
6 6 370
8 8 371
7 7 383
0 0 373
1 1 373
0 0 373
5 5 373
8 8 372
2 2 373
7 7 373
7 7 378
0 0 373
1 1 367
2 2 377
3 3 375
4 4 379
5 5 376
6 6 370
7 7 373
8 8 376
9 9 376
0 0 373
1 1 386
2 2 369
3 3 370
4 4 371
5 5 370
8 8 373
9 9 372
0 0 375
1 1 376
2 2 370
3 3 368
4 4 371
5 5 378
6 6 377
7 7 373
8 8 373
9 9 373
2 2 376
1 1 371
2 2 373
1 1 370
3 3 370
9 9 377
9 9 376
8 8 373
5 5 379
3 3 373
7 7 370
0 0 373
7 7 373
7 7 373
5 5 368
7 7 376
9 9 376
9 9 373
4 4 373
7 7 370
0 0 373
3 3 373
4 4 377
1 1 378
5 5 379
8 8 380
1 1 374
4 4 370
8 8 370
4 4 371
1 1 372
8 8 372
6 6 374
6 6 370
4 4 374
6 6 380
0 0 379
5 5 376
5 5 380
3 3 378
3 3 368
5 5 370
7 7 374
2 2 373
5 5 376
9 9 373
6 6 373
9 9 370
2 2 376
6 6 376
2 2 373
1 1 372
2 2 376
0 0 373
8 8 372
3 3 371
8 8 370
3 3 391
0 0 376
8 8 373
7 7 375
4 4 370
9 9 373
5 5 378
0 0 377
9 9 372
7 7 373
0 0 378
0 0 383
4 4 370
6 6 370
0 0 375
9 9 375
1 1 370
6 6 368
2 2 368
7 7 370
6 6 394
8 8 370
3 3 370
5 5 371
2 2 371
1 1 371
8 8 368
3 3 372
8 8 376
6 6 371
1 1 370
0 0 370
2 2 370
1 1 371
4 4 374
0 0 377
1 1 373
2 2 373
3 3 373
4 4 372
5 5 377
6 6 377
7 7 373
8 8 372
9 9 373
0 0 371
1 1 378
2 2 376
3 3 374
4 4 376
5 5 373
6 6 374
7 7 371
8 8 371
9 9 380
0 0 368
1 1 370
2 2 375
3 3 380
4 4 376
5 5 376
6 6 377
7 7 373
8 8 369
9 9 353
7 7 349
6 6 349
4 4 352
7 7 347
6 6 347
2 2 345
3 3 358
4 4 347
8 8 346
7 7 347
8 8 348
6 6 347
9 9 367
8 8 380
3 3 372
2 2 371
2 2 370
8 8 379
4 4 376
8 8 371
5 5 372
6 6 373
5 5 376
0 0 371
2 2 373
0 0 379
1 1 374
1 1 376
2 2 373
9 9 373
6 6 386
8 8 373
2 2 393
1 1 372
0 0 370
6 6 374
5 5 371
2 2 380
9 9 380
7 7 376
5 5 373
3 3 373
9 9 376
3 3 377
7 7 378
1 1 373
8 8 377
3 3 378
8 8 371
1 1 371
9 9 371
5 5 371
5 5 368
0 0 371
1 1 376
1 1 372
9 9 368
8 8 372
2 2 375
6 6 377
0 0 375
4 4 373
5 5 372
0 0 376
3 3 373
1 1 373
8 8 373
6 6 376
7 7 373
5 5 372
9 9 376
9 9 373
3 3 382
0 0 383
3 3 384
1 1 379
4 4 376
4 4 378
0 0 375
4 4 373
9 9 373
0 0 373
1 1 373
2 2 370
3 3 370
5 5 370
6 6 371
7 7 370
8 8 368
0 0 368
1 1 368
2 2 371
3 9 377
5 5 377
6 6 377
7 7 376
8 8 376
9 9 379
0 0 379
1 1 412
2 2 375
3 3 369
5 5 368
6 6 367
7 7 377
8 8 374
9 9 378
9 9 370
7 7 368
0 0 366
9 9 361
0 0 347
1 1 379
5 5 356
8 8 349
8 8 349
0 0 345
9 9 368
3 3 386
2 2 391
7 7 405
8 8 376
4 4 376
6 6 379
1 1 378
0 0 382
4 4 380
9 9 376
4 4 376
2 2 373
0 0 382
5 5 376
0 0 374
1 1 370
6 6 373
9 9 368
3 3 370
2 2 367
9 9 371
1 1 376
6 6 376
0 0 378
1 1 376
1 1 370
8 8 371
7 7 368
7 7 373
6 6 373
3 3 368
6 6 370
0 0 370
7 7 372
2 2 370
4 4 370
1 1 373
7 7 372
0 0 373
6 6 372
7 7 368
1 1 373
2 2 376
5 5 380
8 8 376
1 1 379
8 8 378
2 2 377
8 8 399
7 7 376
6 6 376
8 8 376
7 7 376
1 1 378
6 6 378
2 2 373
9 9 373
3 3 373
0 0 368
1 1 372
2 2 368
3 3 371
4 4 371
5 5 370
6 6 370
7 7 370
8 8 370
9 9 371
0 0 371
1 1 370
2 2 371
3 3 370
4 4 370
5 5 371
6 6 371
7 7 373
8 8 371
9 9 370
0 0 378
1 1 374
2 2 373
3 3 376
4 4 377
5 5 376
6 6 396
7 7 375
8 8 370
9 9 371
8 8 371
9 9 370
5 5 370
7 7 370
0 0 370
3 3 370
1 1 370
6 6 372
8 8 370
4 4 371
1 1 371
5 5 371
6 6 371
4 4 371
2 2 370
7 7 378
8 8 371
1 1 373
3 3 377
4 4 371
3 3 371
4 4 370
7 7 371
2 2 370
0 0 370
5 5 371
0 0 370
1 1 371
9 9 371
2 2 370
3 3 373
2 2 368
3 3 372
5 5 373
5 5 368
7 7 370
8 8 376
4 4 379
9 9 376
9 9 378
7 7 371
1 1 370
1 1 371
9 9 381
0 0 382
7 7 376
8 8 373
3 3 382
4 4 384
8 8 369
6 6 373
3 3 376
8 8 373
0 0 373
9 9 373
6 6 370
2 2 371
1 1 376
0 0 373
1 1 372
0 0 371
6 6 370
2 2 370
3 3 371
8 8 371
9 9 371
0 0 371
7 7 371
2 2 371
3 3 381
4 4 372
5 5 370
5 5 370
2 2 371
8 8 370
5 5 374
4 4 377
6 6 374
6 6 376
6 6 369
7 7 370
9 9 381
1 1 376
8 8 370
2 2 370
1 1 378
5 5 376
3 3 373
4 4 376
7 7 373
9 9 375
4 4 373
0 0 376
0 0 376
0 0 373
1 1 378
2 2 370
3 3 374
4 4 378
5 5 374
6 6 376
7 7 369
8 8 370
9 9 374
0 0 376
1 1 372
2 2 372
3 3 372
4 4 373
5 5 368
6 6 368
7 7 368
8 8 368
9 9 368
0 0 368
1 1 368
2 2 369
3 3 375
4 4 376
5 5 369
6 6 368
9 9 368
0 0 368
1 1 367
3 3 386
1 1 373
5 5 370
1 1 378
2 2 370
4 4 368
9 9 368
2 2 373
4 4 378
6 6 373
8 8 377
0 0 372
1 1 368
1 1 371
9 9 375
2 2 377
6 6 377
6 6 373
8 8 373
7 7 378
4 4 368
2 2 370
9 9 370
7 7 370
0 0 370
2 2 373
1 1 373
0 0 376
3 3 373
6 6 373
0 0 373
1 1 373
2 2 373
3 3 368
4 4 376
5 5 379
6 6 376
7 7 376
8 8 373
9 9 373
0 0 372
1 1 371
2 2 368
3 3 383
4 4 370
5 5 370
6 6 371
7 7 368
8 8 373
9 9 373
0 0 377
1 1 373
2 2 376
3 3 373
4 4 372
5 5 377
6 6 377
7 7 373
8 8 373
9 9 373
8 8 370
6 6 370
5 5 374
9 9 373
7 7 374
0 0 377
2 2 373
3 3 373
4 4 379
3 3 373
8 8 376
5 5 373
1 1 376
5 5 381
2 2 371
3 3 380
0 0 375
1 1 371
2 2 379
1 1 373
3 3 379
2 2 373
6 6 373
5 5 374
3 3 373
0 0 383
7 7 375
2 2 371
7 7 380
4 4 371
6 6 370
4 4 362
0 0 374
5 5 369
9 9 369
9 9 365
8 8 383
9 9 376
5 5 349
3 3 351
1 1 349
7 7 349
4 4 346
7 7 346
6 6 349
5 5 346
4 4 346
0 0 345
0 0 359
6 6 374
6 6 370
2 2 376
0 0 371
6 6 375
3 3 374
7 7 370
7 7 371
4 4 376
4 4 373
3 3 370
9 9 370
2 2 370
8 8 374
9 9 378
6 6 370
0 0 372
9 9 370
5 5 368
3 3 376
8 8 381
8 8 372
7 7 376
1 1 377
4 4 373
0 0 374
4 4 374
8 8 360
5 5 355
2 2 377
3 3 351
9 9 346
0 0 359
1 1 347
9 9 347
1 1 350
5 5 346
1 1 348
7 7 371
4 4 381
8 8 370
6 6 370
2 2 377
1 1 375
6 6 371
8 8 374
8 8 371
0 0 377
1 1 371
2 2 375
3 3 378
4 4 373
7 7 371
8 8 370
9 9 371
0 0 373
1 1 370
2 2 372
3 3 371
4 4 374
6 6 378
7 7 377
8 8 380
9 9 382
0 0 369
1 1 375
2 2 374
3 3 371
4 4 378
7 7 371
8 8 378
9 9 378
1 1 377
4 4 379
5 5 370
3 3 370
3 3 368
0 0 371
9 9 371
5 5 371
4 4 371
3 3 371
0 0 389
8 8 372
4 4 377
6 6 371
7 7 371
0 0 373
7 7 372
7 7 371
1 1 370
6 6 370
9 9 370
1 1 373
3 3 370
6 6 373
2 2 375
3 3 374
8 8 376
2 2 370
3 3 371
8 8 371
9 9 371
5 5 371
8 8 371
8 8 386
7 7 372
1 1 370
7 7 381
1 1 369
1 1 373
0 0 370
3 3 372
4 4 373
2 2 362
6 6 346
4 4 352
7 7 346
4 4 348
2 2 349
7 2 346
4 4 349
2 2 347
9 9 346
2 2 361
7 7 373
9 9 379
2 2 370
1 1 373
0 0 373
6 6 368
5 5 371
3 3 380
4 4 376
8 8 378
5 5 370
9 9 370
6 6 370
9 9 375
0 0 373
6 6 370
3 3 373
0 0 373
8 8 373
1 1 376
6 6 370
0 0 370
0 0 371
1 1 382
2 2 374
3 3 371
4 4 378
5 5 378
6 6 376
7 7 371
0 0 373
1 1 373
2 2 373
3 3 371
4 4 376
7 7 370
8 8 372
9 9 374
0 0 371
1 1 374
2 2 379
3 3 373
4 4 374
7 7 370
2 2 385
5 5 371
1 1 371
6 6 383
4 4 376
3 3 374
9 9 370
9 9 370
0 0 370
9 9 370
7 7 371
1 1 373
6 6 375
4 4 378
3 3 371
6 6 373
2 2 370
0 0 373
9 9 370
8 8 375
6 6 374
5 5 370
7 7 383
0 0 369
0 0 376
1 1 376
7 7 364
4 4 349
3 3 346
2 2 349
4 4 345
1 1 346
3 3 347
7 7 359
6 6 381
4 4 380
7 7 368
7 7 346
7 7 347
9 9 350
8 8 349
4 4 346
3 3 369
8 6 360
2 2 346
8 8 347
3 3 353
5 5 381
8 8 392
0 0 370
5 5 370
4 4 376
7 7 373
1 1 370
3 3 373
1 1 362
7 7 349
9 9 346
6 6 346
2 2 348
0 0 350
9 9 364
1 1 370
7 7 373
3 3 371
3 3 374
9 9 376
1 1 393
6 6 370
4 4 377
3 3 370
9 9 370
8 8 370
2 2 370
1 1 372
8 8 370
6 6 372
4 4 382
1 1 371
5 5 371
5 5 368
6 6 370
5 5 375
0 0 370
1 1 371
2 2 371
3 3 370
4 4 371
5 5 373
6 6 377
7 7 377
8 8 370
9 9 371
0 0 374
1 1 374
2 2 370
3 3 370
4 4 377
5 5 377
6 6 370
7 7 377
8 8 371
9 9 373
0 0 371
1 1 376
2 2 374
3 3 374
4 4 383
5 5 384
6 6 372
7 7 370
8 8 370
9 9 371
6 6 370
9 9 370
7 7 372
0 0 347
2 2 350
3 3 346
4 4 346
3 3 345
8 8 346
5 5 347
1 1 374
3 3 373
0 0 370
1 1 368
2 2 379
1 1 380
3 3 372
2 2 370
0 0 373
7 7 371
2 2 374
6 6 374
4 4 373
0 0 373
5 5 370
9 9 373
9 9 370
8 8 374
9 9 370
5 5 372
3 3 370
1 1 370
7 7 372
4 4 373
7 7 367
0 0 379
0 0 378
6 6 375
6 6 388
6 6 373
3 3 370
7 7 379
4 4 376
2 2 370
8 8 370
9 9 368
8 8 346
7 7 379
1 1 362
4 4 350
0 0 359
4 4 408
8 8 348
5 5 348
2 2 345
3 3 347
9 9 347
0 0 376
1 1 360
9 9 348
1 1 378
5 5 381
1 1 370
7 7 371
6 6 375
1 1 371
2 2 370
1 1 371
6 6 371
8 8 379
0 0 371
1 1 371
2 2 373
3 3 370
4 4 371
5 5 368
6 6 371
7 7 382
8 8 376
9 9 370
0 0 370
1 1 386
2 2 373
3 3 370
4 4 371
5 5 368
6 6 371
7 7 370
8 8 370
0 0 356
1 1 347
2 2 346
3 3 350
5 5 345
6 6 346
7 7 364
8 8 366
1 1 354
0 0 375
4 4 376
5 5 383
6 6 374
6 6 370
3 3 371
4 4 371
4 4 370
2 2 370
8 8 371
1 1 370
0 0 370
6 6 372
4 4 370
9 9 368
7 7 370
2 2 374
9 9 370
2 2 369
0 0 370
9 9 371
3 3 376
3 3 376
9 9 370
1 1 373
5 5 371
2 2 384
3 3 374
1 1 373
6 6 378
7 7 374
3 3 370
7 7 372
8 8 349
4 4 347
0 0 372
2 2 362
4 4 347
0 0 352
2 2 347
4 4 348
7 7 347
8 8 380
0 0 375
7 7 371
0 0 375
6 6 384
9 9 370
3 3 371
2 2 370
4 4 371
8 8 373
6 6 374
0 0 378
5 5 370
7 7 371
5 5 370
1 1 373
0 0 371
8 8 380
1 1 370
6 6 376
7 7 379
2 2 376
9 9 370
7 7 373
9 9 373
5 5 380
6 6 370
5 5 414
2 2 373
6 6 371
2 2 386
8 8 375
1 1 372
7 7 371
5 5 370
5 5 372
7 7 379
3 3 384
5 5 369
0 0 370
1 1 380
1 1 375
3 3 373
8 8 370
4 4 370
9 9 370
4 4 378
5 5 373
1 1 370
8 8 374
6 6 370
8 8 375
9 9 372
0 0 370
1 1 373
2 2 373
3 3 371
4 4 372
5 5 373
6 6 370
7 7 378
8 8 382
9 9 369
0 0 369
1 1 370
2 2 380
3 3 371
4 4 370
5 5 367
6 6 365
7 7 376
8 8 349
9 9 369
0 0 377
1 1 346
2 2 350
3 3 346
4 4 348
5 5 357
6 6 345
7 7 347
8 8 377
9 9 376
3 3 380
5 5 370
3 3 369
2 2 369
9 9 367
3 3 370
2 2 370
1 1 373
4 4 370
5 5 370
5 5 375
2 2 376
3 3 370
2 2 371
1 1 371
3 3 370
9 9 371
7 7 370
2 2 371
1 1 375
2 2 374
8 8 370
9 9 368
1 1 370
8 8 370
8 8 370
7 7 368
8 8 370
1 1 370
0 0 385
0 0 376
6 6 368
7 7 377
7 7 374
8 8 374
7 7 370
5 5 373
0 0 368
6 6 371
1 1 376
5 5 376
7 7 377
4 4 373
6 6 371
1 1 370
2 2 370
5 5 370
0 0 370
7 7 377
9 9 381
9 9 371
0 0 371
3 3 374
4 4 371
4 4 371
8 8 372
4 4 374
1 1 374
8 8 374
6 6 370
5 5 379
9 9 370
0 0 370
0 0 368
0 0 371
3 3 373
7 7 371
1 1 371
6 6 376
4 4 373
6 6 371
0 0 368
4 4 394
5 5 370
4 4 372
1 1 379
3 3 368
8 8 370
6 6 371
3 3 354
9 9 379
9 9 378
5 5 346
9 9 362
3 3 382
7 7 380
8 8 350
5 5 346
6 6 349
4 4 347
7 7 374
6 6 373
2 2 368
2 2 370
0 0 371
9 9 372
4 4 382
0 0 371
1 1 370
2 2 371
3 3 371
4 4 376
5 5 370
6 6 372
7 7 373
8 8 370
9 9 369
0 0 380
1 1 374
2 2 370
3 3 370
4 4 373
5 5 373
6 6 371
7 7 374
8 8 382
9 9 369
0 0 375
1 1 378
2 2 371
3 3 375
4 4 377
5 5 370
6 6 363
7 7 367
8 8 346
9 9 349
6 6 347
4 4 349
2 2 346
6 6 346
4 4 349
7 7 367
5 5 374
5 5 379
4 4 369
7 7 371
2 2 372
9 9 371
3 3 375
9 9 370
3 3 383
8 8 371
2 2 370
0 0 370
9 9 370
5 5 373
6 6 370
0 0 376
1 1 370
0 0 370
6 6 376
5 5 372
3 3 376
5 5 370
3 3 371
8 8 368
0 0 382
0 0 376
3 3 373
4 4 374
1 1 376
5 5 376
3 3 376
0 0 345
8 8 348
3 3 347
0 0 346
6 6 349
2 2 349
7 7 346
8 8 349
1 1 366
7 7 370
1 1 376
3 3 370
8 8 370
5 5 373
4 4 368
2 2 371
0 0 370
9 9 377
7 7 377
6 6 378
7 7 376
4 4 370
1 1 373
6 6 370
2 2 370
6 6 370
7 7 372
1 1 371
9 9 372
8 8 370
0 0 368
6 6 369
9 9 371
4 4 370
9 9 368
9 9 371
6 6 381
2 2 375
3 3 374
7 7 378
1 1 375
9 9 369
2 2 370
2 2 376
5 5 346
3 3 348
7 7 356
8 8 370
0 0 380
1 1 347
2 2 347
3 3 349
4 4 346
7 7 358
8 8 360
9 9 370
0 0 394
1 1 370
2 2 371
3 3 370
4 4 379
7 7 376
8 8 376
9 9 373
0 0 370
1 1 370
7 7 376
8 8 370
9 9 369
8 8 374
9 9 370
2 2 376
6 6 370
1 1 371
3 3 370
5 5 374
4 4 378
8 8 381
2 2 374
6 6 378
4 4 374
3 3 374
4 4 377
5 5 380
9 9 378
2 2 370
0 0 374
3 3 370
9 9 374
4 4 370
9 9 373
7 7 370
3 3 370
8 8 370
7 7 371
4 4 371
4 4 373
9 9 370
8 8 379
5 5 370
8 8 370
2 2 370
6 6 373
6 6 379
2 2 369
3 3 368
1 1 370
3 3 370
2 2 369
7 7 370
3 3 373
1 1 373
9 9 373
0 0 374
1 1 373
1 1 372
3 3 373
5 5 370
0 0 377
7 7 371
8 8 371
1 1 394
5 5 383
1 1 412
4 4 376
6 6 386
0 0 373
0 0 370
4 4 370
9 9 369
1 1 370
6 6 379
6 6 373
9 9 370
0 0 373
7 7 370
6 6 373
1 1 369
1 1 374
0 0 370
1 1 370
2 2 370
3 3 368
4 4 374
7 2 370
2 2 370
3 3 370
4 4 384
5 5 380
6 6 372
7 2 380
0 0 373
1 1 369
2 2 369
7 7 370
8 8 370
6 6 370
3 3 372
9 9 375
7 7 376
1 1 370
9 9 380
3 3 380
9 9 383
6 6 376
1 1 370
7 7 375
2 2 376
4 4 380
4 4 373
5 5 370
7 7 370
0 0 370
0 0 372
1 1 349
6 6 346
6 6 346
8 8 349
2 2 346
7 7 346
7 7 357
2 2 371
4 4 378
2 2 377
1 1 378
6 6 370
1 1 370
0 0 377
6 6 376
9 9 375
8 8 370
3 3 373
9 9 370
6 6 370
3 3 373
0 0 370
1 1 373
2 2 370
3 3 374
4 4 374
5 5 370
6 6 368
7 7 380
8 8 374
9 9 375
0 0 368
1 1 412
2 2 374
3 3 370
4 4 370
5 5 370
6 6 353
7 7 347
8 8 380
9 9 347
0 0 363
1 1 376
2 2 363
3 3 380
4 4 365
5 5 356
6 6 346
7 7 359
8 8 374
9 9 377
1 1 372
6 6 371
8 8 370
9 9 371
9 9 370
0 0 370
1 1 370
2 2 371
4 4 372
4 4 370
3 3 371
7 7 370
4 4 374
4 4 370
4 4 373
0 0 373
3 3 374
8 8 370
7 7 370
5 5 379
8 8 376
2 2 374
1 1 387
7 7 370
5 5 395
3 3 376
8 8 368
5 5 379
2 2 376
5 5 370
1 1 370
1 1 368
6 6 370
2 2 347
1 1 346
3 3 347
8 8 345
6 6 347
4 4 347
2 2 347
6 6 380
2 2 372
5 5 369
5 5 368
0 0 370
2 2 370
8 8 371
0 0 370
6 6 384
8 8 376
1 1 376
7 7 370
9 9 373
1 1 370
9 9 370
2 2 370
6 6 370
7 7 370
6 6 368
6 6 374
8 8 376
7 7 370
4 4 372
9 9 373
2 2 370
1 1 370
3 3 370
3 3 386
0 0 372
5 5 370
5 5 371
8 8 367
0 0 370
3 3 370
7 7 371
9 9 371
7 7 376
0 0 373
2 2 374
7 7 378
9 9 377
1 1 370
7 7 379
8 8 431
0 0 376
3 3 379
5 5 377
3 3 378
6 6 378
0 0 379
1 1 379
2 2 402
3 3 381
4 4 370
5 5 372
6 6 369
7 7 373
8 8 370
9 9 368
0 0 371
1 1 379
2 2 376
3 3 376
4 4 379
5 5 375
6 6 373
7 7 370
8 8 370
9 9 372
0 0 412
1 1 376
2 2 380
3 3 379
4 4 377
7 7 379
8 8 755
9 9 385
6 6 374
4 4 368
2 2 378
6 6 368
4 4 368
7 7 368
8 8 368
9 9 368
2 2 368
9 9 368
3 3 368
9 9 368
3 3 371
0 0 376
0 0 368
1 1 368
0 0 373
4 4 368
2 2 368
6 6 368
3 3 371
5 5 370
3 3 379
0 0 370
3 3 370
4 4 370
1 1 370
5 5 378
3 3 376
0 0 374
8 8 370
3 3 374
0 0 370
6 6 382
1 1 370
7 7 376
8 8 379
0 0 373
9 9 373
2 2 378
6 6 374
7 7 374
1 1 371
9 9 375
6 6 383
9 9 392
4 4 377
9 9 373
9 9 374
6 6 374
7 7 370
1 1 370
2 2 368
5 5 368
3 3 371
7 7 373
8 8 371
0 0 371
1 1 371
2 2 371
4 4 371
5 5 370
6 6 371
7 7 371
8 8 368
9 9 369
0 0 370
1 1 371
3 3 371
4 4 379
5 5 372
6 6 371
7 7 371
8 8 370
0 0 372
1 1 380
3 3 373
4 4 371
7 7 371
8 8 371
9 9 371
7 7 377
5 5 368
5 5 371
1 1 386
9 9 376
9 9 370
7 7 371
1 1 371
0 0 371
0 0 368
5 5 371
9 9 370
7 7 370
1 1 371
7 7 368
2 2 369
2 2 378
3 3 372
6 6 380
8 8 373
3 3 371
2 2 370
0 0 371
0 0 370
6 6 378
1 1 369
7 7 370
5 5 368
8 8 370
6 6 372
2 2 371
9 9 374
4 4 370
8 8 371
8 8 371
7 7 371
1 1 379
0 0 376
8 8 370
7 7 379
7 7 371
5 5 370
8 8 370
5 5 379
3 3 394
4 4 372
6 6 370
1 1 379
1 1 376
5 5 367
5 5 346
0 0 349
7 7 346
2 2 346
3 3 349
6 6 347
4 4 352
1 1 346
2 2 364
4 4 370
1 1 370
5 5 373
4 4 371
2 2 370
0 0 380
4 4 376
8 8 373
6 6 370
1 1 377
9 9 376
0 0 371
2 2 371
5 5 375
6 6 370
9 9 370
3 3 370
6 6 371
3 3 370
6 6 370
0 0 390
1 1 373
2 2 375
3 3 380
4 4 378
5 5 373
6 6 370
7 7 374
8 8 370
9 9 383
0 0 372
1 1 373
2 2 379
3 3 370
4 4 370
5 5 376
6 6 370
7 7 370
8 8 371
9 9 370
0 0 374
1 1 379
2 2 370
3 3 370
5 5 372
6 6 369
7 7 376
8 8 373
1 1 370
0 0 370
9 9 376
5 5 370
7 7 373
5 5 376
1 1 370
8 8 371
6 6 371
9 9 371
0 0 371
4 4 371
1 1 370
9 9 380
3 3 378
8 8 384
4 4 370
4 4 370
7 7 379
0 0 381
1 1 372
9 9 377
2 2 373
8 8 350
7 7 349
8 8 350
2 2 346
5 5 352
9 9 347
6 6 348
0 0 353
6 6 359
5 5 371
5 5 371
3 3 371
3 3 371
3 3 371
9 9 368
8 8 370
1 1 375
1 1 406
0 0 377
6 6 377
1 1 375
0 0 360
0 0 346
6 6 346
2 2 346
1 1 346
1 1 346
3 3 346
2 2 373
7 7 377
7 7 373
8 8 365
8 8 368
7 7 368
8 8 373
4 4 376
6 6 376
0 0 371
2 2 370
0 0 371
7 7 373
0 0 373
3 3 374
6 6 374
8 8 373
7 7 370
1 1 370
5 5 374
9 9 371
9 9 373
3 3 371
7 7 370
2 2 377
4 4 373
9 9 373
4 4 371
3 3 376
6 6 377
2 2 376
2 2 370
5 5 370
3 3 370
2 2 374
5 5 371
5 5 372
9 9 370
4 4 371
1 1 370
7 7 370
2 2 372
0 0 371
1 1 370
2 2 374
3 3 377
4 4 374
5 5 371
6 6 371
7 7 387
8 8 372
9 9 370
0 0 376
1 1 376
2 2 374
3 3 371
4 4 371
5 5 377
6 6 377
7 7 375
8 8 371
9 9 371
0 0 370
1 1 370
2 2 374
3 3 370
4 4 374
5 5 371
6 6 371
7 7 376
8 8 373
9 9 370
1 1 374
0 0 370
1 1 375
2 2 373
7 7 373
5 5 371
3 3 373
4 4 376
4 4 370
0 0 369
0 0 370
6 6 373
9 9 373
6 6 371
6 6 376
5 5 372
7 7 367
2 2 382
3 3 371
4 4 378
4 4 376
9 9 371
1 1 377
4 4 373
0 0 370
7 7 373
9 9 370
5 5 374
7 7 375
2 2 371
3 3 371
1 1 373
4 4 370
4 4 371
0 0 371
9 9 370
9 9 368
6 6 371
1 1 374
8 8 370
3 3 371
3 3 374
7 7 371
3 3 381
9 9 372
8 8 370
8 8 371
4 4 374
7 7 370
7 7 373
6 6 370
2 2 377
1 1 371
9 9 372
8 8 373
7 7 371
8 8 371
8 8 371
7 7 377
2 2 379
2 2 377
3 3 379
9 9 380
3 3 369
3 3 371
5 5 370
5 5 371
0 0 371
7 7 371
9 9 370
5 5 371
6 6 377
5 5 373
1 1 370
4 4 370
1 1 370
1 1 377
2 2 373
8 8 374
2 2 370
6 6 373
1 1 390
5 5 376
0 0 376
1 1 370
2 2 380
3 3 375
4 4 371
5 5 373
6 6 370
7 7 371
8 8 370
9 9 373
0 0 370
1 1 370
2 2 376
3 3 376
4 4 370
5 5 370
6 6 374
7 7 382
8 8 374
9 9 373
0 0 373
1 1 383
2 2 372
3 3 370
4 4 373
5 5 370
6 6 370
7 7 370
8 8 370
8 8 370
0 0 373
6 6 373
0 0 370
0 0 370
2 2 376
3 3 373
7 7 370
9 9 370
4 4 373
7 7 370
1 1 370
9 7 371
1 1 371
7 7 370
1 1 373
4 4 378
0 0 370
0 0 370
1 1 373
7 7 370
5 5 370
7 7 370
1 1 370
3 3 370
3 3 377
3 3 371
1 1 370
6 6 380
9 9 375
7 7 373
1 1 370
3 3 373
0 0 370
2 7 382
6 6 378
0 0 370
8 8 370
9 9 370
4 7 374
3 3 370
5 5 371
4 4 370
8 8 373
1 1 376
5 5 369
9 9 346
0 0 347
6 6 350
6 6 347
3 3 349
8 8 349
1 1 346
4 4 349
7 7 352
5 5 356
2 2 370
0 0 371
0 0 370
1 1 373
7 7 376
8 8 379
9 7 404
6 6 376
8 8 373
8 8 373
2 2 370
3 3 368
6 6 370
1 1 370
2 2 377
9 9 370
5 5 373
2 2 378
0 0 372
1 1 370
2 2 373
3 3 376
4 4 376
5 5 370
6 6 370
7 7 377
8 8 370
9 9 372
0 0 370
1 1 370
2 2 370
3 3 370
4 4 369
5 5 373
6 6 373
7 7 373
8 8 369
9 9 372
0 0 373
1 1 370
2 2 370
3 3 373
4 4 370
5 6 370
6 6 370
7 7 380
8 8 376
9 9 370
7 7 376
4 4 370
6 6 370
1 1 370
4 4 368
0 0 370
9 9 374
9 9 375
3 3 373
7 7 371
8 8 369
4 4 370
7 7 370
5 5 370
8 8 368
5 5 368
3 3 389
2 2 371
2 2 375
0 0 370
5 5 371
8 8 370
6 6 371
0 0 376
3 3 377
8 8 377
1 1 374
0 0 371
3 3 371
0 0 370
4 4 371
7 7 371
4 4 371
9 9 371
2 2 371
9 9 371
5 0 371
7 7 371
1 1 370
7 7 371
1 1 373
6 6 376
6 6 371
5 5 376
6 6 374
2 2 371
8 8 374
7 7 371
6 6 376
4 4 370
9 9 370
9 9 377
5 5 370
3 3 381
7 7 377
4 4 371
3 3 371
0 0 371
4 4 380
6 6 373
6 6 370
1 1 370
1 1 369
3 3 375
2 2 372
1 1 370
0 0 370
0 0 378
1 1 392
2 2 370
3 3 373
4 4 370
7 7 370
8 8 376
9 9 370
0 0 370
1 1 370
2 2 370
3 3 373
4 4 370
5 5 374
6 6 377
7 7 377
8 8 376
0 0 376
1 1 369
2 2 410
3 3 371
4 4 373
7 7 370
8 8 370
9 9 373
0 0 370
8 8 373
3 3 370
9 9 370
5 5 376
5 5 370
2 2 374
6 6 370
8 8 376
4 4 377
1 1 371
7 7 371
1 1 370
2 2 370
3 3 371
5 5 374
6 6 398
9 9 379
1 1 368
1 1 371
1 1 369
2 2 370
1 1 376
2 2 369
0 0 372
7 7 369
7 7 373
5 5 378
8 8 370
2 2 370
9 9 370
8 8 374
6 6 370
7 7 380
3 3 370
4 4 369
6 6 369
8 8 372
7 7 372
0 0 370
4 4 373
2 2 372
7 7 383
7 7 368
5 5 369
4 4 379
3 3 377
4 4 370
2 2 373
8 8 373
1 1 370
5 5 380
1 1 370
0 0 370
2 2 371
3 3 381
3 3 394
5 5 374
7 7 371
0 0 371
6 6 371
8 8 371
6 6 371
3 3 371
9 9 371
9 9 371
8 8 371
2 2 371
7 7 371
7 7 371
1 1 371
0 0 371
1 1 371
7 7 379
8 8 369
9 9 368
0 0 371
1 1 373
2 8 370
3 3 371
4 4 373
5 5 377
6 6 378
7 7 378
8 8 377
0 0 377
1 1 377
2 2 375
3 3 371
4 4 371
7 7 371
8 8 371
9 9 372
7 7 379
8 8 375
6 6 371
4 4 380
1 1 376
9 9 371
3 3 371
8 8 370
4 4 1945
4 4 1999
7 7 1586
0 0 453
1 1 378
9 9 393
2 2 377
8 8 382
7 7 380
8 8 527
2 2 1275
6 6 655
0 0 434
6 6 476
5 5 2251
3 3 1316
3 3 1947
3 3 511
9 9 468
1 1 1503
4 4 746
0 0 471
6 6 371
1 1 368
0 0 370
0 0 373
6 6 370
2 2 371
1 1 373
1 1 370
7 7 371
7 7 370
8 8 375
4 4 373
6 6 370
0 0 370
7 7 371
0 0 371
3 3 368
6 6 386
8 8 377
7 7 372
1 1 372
5 5 374
2 2 370
4 4 379
9 9 373
4 4 371
3 3 371
6 6 371
4 4 369
1 1 371
7 7 372
2 2 374
6 6 371
5 5 371
0 0 376
1 1 370
2 2 371
3 3 371
4 4 374
5 5 380
6 6 379
7 7 409
8 8 370
9 9 371
0 0 371
1 1 371
2 2 367
3 3 371
4 4 381
5 5 376
6 6 373
